"chuong_so","tieu_de_chuong","ten_bai_thuoc","chua_tri","lieu_luong_cach_dung","cong_hieu","chu_y","ghi_chu","doi_tuong_phu_hop","luu_y","cong_dung_khac"
1,"Chữa Trị Sốt Cao, Buồn Phiền Khát Nước","Cháo Lá Tre, Thạch Cao","Sốt cao (nhiệt độ cơ thể trên 39°C).","Dùng 200g lá tre tươi, rửa sạch, 100g thạch cao sống, cho vào 500ml nước sắc kỹ lấy nước bỏ bã. Cho 100g gạo tẻ, dùng nước thuốc vừa sắc, nấu thành cháo. Mỗi ngày ăn 2-3 lần.","Hạ hỏa, giải khát, giải phiền. Bổ phổi.","Khi nào cơn sốt lui thì ngừng uống thuốc.","","","",""
1,"Chữa Trị Sốt Cao, Buồn Phiền Khát Nước","Nước Giải Khát Ngũ Vị","Sốt cao.","Nước quả lê, nước mã thầy, nước ngó sen, nước rễ lau sậy, nước mạch môn đông (hoặc nước mía), lượng các thứ bằng nhau, quấy đều, để lạnh uống.","Thanh nhiệt, khỏi khát.","","","","",""
1,"Chữa Trị Sốt Cao, Buồn Phiền Khát Nước","Rau Gan Chó, Đường Phèn","Bệnh nhiệt và cảm cúm sốt cao.","Mỗi lần dùng 30-60g rau gan chó, đường phèn vừa đủ. Sắc lấy nước uống, thay nước chè.","Điều trị liên tục sẽ giúp làm lui cơn sốt.","","","","",""
1,"Chữa Trị Sốt Cao, Buồn Phiền Khát Nước","Sừng Sơn Dương Hãm Với Cây Câu Đằng","Sốt cao.","Sừng sơn dương 30g, cây câu đằng (cây song, cây mây) 6-10g. Cho nước vào sắc lấy nước uống.","Thanh nhiệt, hết buồn phiền.","","","","",""
1,"Chữa Trị Sốt Cao, Buồn Phiền Khát Nước","Bột Sừng Trâu","Sốt cao.","Bột sừng trâu sắc đặc lấy nước uống. Uống mỗi ngày 1.5-3g, mỗi ngày uống 2 lần.","Thanh nhiệt, cắt cơn ho.","","","","",""
1,"Chữa Trị Sốt Cao, Buồn Phiền Khát Nước","Bột Ngọc Trai Hòa Sunfat Natri","Sốt cao.","Dùng 0.3g bột ngọc trai, nghiền nhỏ, hãm vào 1 bát nước sôi, sau đó cho 10g sunfat natri vào. Uống hết trong 1 lần.","Thanh nhiệt, sinh huyết.","Phụ nữ có thai không được dùng.","","","",""
1,"Chữa Trị Sốt Cao, Buồn Phiền Khát Nước","Tằm, Xác Ve, Ngân Hoa","Sốt cao.","Dùng 9g con tằm, 3g xác ve nghiền thành bột. Lấy 15g ngân hoa, sắc lấy nước. Uống bột tằm, xác ve với nước ngân hoa. Nếu uống với nước sôi thì dùng 10g tằm, 12g xác ve.","Thanh nhiệt, mát phổi.","","","","",""
1,"Chữa Trị Sốt Cao, Buồn Phiền Khát Nước","Cá Chuối","Sốt cao.","Cá chuối làm sạch, bỏ mật, nấu chín ăn.","Thanh nhiệt, khỏi háo nước.","","","","",""
1,"Chữa Trị Sốt Cao, Buồn Phiền Khát Nước","Mướp Đắng, Thịt Lợn Nạc","Cảm nắng, khát nước.","Mỗi lần dùng 200g mướp đắng tươi, bỏ hột, thái miếng, thịt lợn nạc 100g, thái miếng, cho nước vừa đủ, ninh nhừ, cho vào một ít muối. Ăn thịt, mướp đắng, uống nước.","Giảm nhiệt hạ sốt, tăng cường khí huyết, hết cơn khát.","","","","",""
1,"Chữa Trị Sốt Cao, Buồn Phiền Khát Nước","Mướp Hầm Thịt Nạc","Cảm nóng, khát nước.","Mỗi lần dùng 250g mướp cắt khúc, 200g thịt lợn nạc, thái nhỏ. Cho nước vừa đủ, ninh nhừ, cho ít muối, ăn vào 2 bữa cơm.","Thanh nhiệt, nhuận tràng, giải khát.","","","","",""
1,"Chữa Trị Sốt Cao, Buồn Phiền Khát Nước","Đường Trắng, Bột Củ Ấu","Sốt nóng, háo nước.","Mỗi lần dùng 30-50g bột củ ấu, đường trắng vừa đủ. Nấu thành cháo bột, ăn hết 1 lần.","Giải nhiệt, hết cơn khát.","","","","",""
1,"Chữa Trị Sốt Cao, Buồn Phiền Khát Nước","Bí Đao, Thịt Lợn Nạc","Sốt nóng, háo nước.","Mỗi lần dùng 1 khoanh bí đao (khoảng 250g) gọt bỏ vỏ ngoài, thái lát, thịt lợn nạc 100g thái miếng. Ninh nhừ, cho vào ít muối ăn. Ăn cái, uống nước.","Giải nhiệt, sinh huyết, bổ tỳ, khỏi háo nước.","","","","",""
2,"Chữa Sốt Cao Sợ Gió","Bột Con Trai Biển, Câu Đằng","Sốt cao, sợ gió.","Mỗi ngày dùng 10g bột con trai biển (sao khô tán bột), 15g câu đằng, sắc lấy nước uống.","","","","","",""
2,"Chữa Sốt Cao Sợ Gió","Mật Gấu","Sốt cao, sợ gió.","Dùng 5ml mật gấu hòa với nước sôi uống.","","","","","",""
2,"Chữa Sốt Cao Sợ Gió","Giun Đất, Đường Trắng","Sốt cao, sợ gió.","Giun đất tươi, rửa sạch, cho vào ngâm với đường trắng (hoặc muối), lọc lấy nước uống.","","","","","",""
2,"Chữa Sốt Cao Sợ Gió","Bột Sừng Sơn Dương","Sốt cao, sợ gió.","Sừng sơn dương, sao khô, nghiền thành bột, mỗi lần uống 2.5g, ngày uống 2 lần.","","","","","",""
3,"Chữa Sốt Nhẹ","Nước Sơn Dược","Sốt nhẹ do âm hư, nóng trong (buổi chiều sốt, đêm ra mồ hôi trộm, lòng bàn tay, bàn chân nóng, mất ngủ, hay mơ, lưỡi đỏ, bựa lưỡi ít, mạch vi nhược).","Dùng 100g củ sơn dược tươi thái lát, sắc lấy 2 bát nước, uống thay nước chè.","Chữa trị ho khan, sốt nhẹ (bệnh lao), tỳ vượng, ỉa chảy.","","Không phải kiêng kị gì, già trẻ đều dùng được.","","",""
3,"Chữa Sốt Nhẹ","Nước Mía, Cháo Gạo","Sốt nhẹ do âm hư nóng trong (bệnh trạng như trên).","Lấy mía tươi, rửa sạch, ép lấy 100ml nước mía, cho vào 100g gạo tẻ nấu cháo. Mỗi ngày ăn 2-3 lần.","Khỏi sốt ra mồ hôi, khỏi ho.","Những người mắc chứng đái đường không được dùng.","","","",""
3,"Chữa Sốt Nhẹ","Cháo Lá Sen","Vào mùa hè sốt nhẹ (mùa hè sốt nhẹ, sang thu mát dần rồi tự khỏi, không ra mồ hôi, mệt mỏi, thân hình gầy còm, lưỡi đỏ, bựa lưỡi vàng).","Lấy 1 lá sen to tươi, rửa sạch, cho vào 500ml nước, sắc kỹ gạn lấy nước, cho vào 100g gạo tẻ, một ít nước đường trắng nấu thành cháo. Ăn vào 2 buổi sáng, chiều.","","","","Những người mắc chứng mùa hè sốt, huyết áp cao, mỡ trong máu nhiều, béo phì, đái tháo đường dùng bài thuốc này rất tốt.","",""
3,"Chữa Sốt Nhẹ","Bột Sắn Dây Nấu Cháo","Mùa hè sốt nhẹ (bệnh trạng như trên).","Củ sắn dây tươi, rửa sạch, vắt lấy bột. Cho 30g bột sắn, 100g gạo tẻ nấu thành cháo. Ăn điểm tâm vào 2 buổi sáng, chiều.","Chữa khỏi chứng mùa hè sốt, ngoại cảm sốt, khát nước.","","","","Không phải kiêng kỵ gì, mọi lứa tuổi đều dùng được.",""
3,"Chữa Sốt Nhẹ","Hoàng Kỳ, Táo Tàu, Gạo","Sốt nhẹ do khí huyết hư (bệnh trạng: sau mệt mỏi sốt nhẹ, nhức đầu, toát mồ hôi, dẫn đến cảm mạo, thân thể mệt mỏi, ăn ít, ỉa lỏng, nhạt miệng, bựa lưỡi trắng, mạch vi).","Hoàng kỳ tươi 30g, đẳng sâm 30g, cam thảo 15g, sắc lấy nước. Dùng 100g gạo tẻ, 10 quả táo, nấu thành cháo. Khi cháo chín nhừ, trộn nước thuốc vào quấy đều. Ăn vào 2 buổi sáng, chiều.","Chữa chứng khí hư sốt nóng rất hiệu quả. Người già, người trung tuổi cơ thể suy nhược có thể dùng thường xuyên, có tác dụng chữa sốt nhẹ, chữa khí huyết hư, và tăng cường thể lực kéo dài tuổi thọ.","Người bị ngoại cảm, sốt nóng không được dùng.","","","",""
3,"Chữa Sốt Nhẹ","Cháo Sơn Dược, Ý Dĩ, Mứt Hồng","Sốt nhẹ do âm hư nóng trong (bệnh trạng như trên).","Sơn dược tươi 100g, ý dĩ tươi 100g, mứt hồng 30g. Trước hết, giã nát sơn dược, ý dĩ nấu thành cháo, sau đó cho mứt hồng vào quấy đều. Ăn thường xuyên.","","","","Món cháo này dùng thích hợp với những người âm suy, tỳ phế hư, buổi chiều sốt nhẹ, ho khan, ít đờm, biếng ăn.","Những người âm hư, ra nhiều mồ hôi không nên dùng, vì mứt hồng không có lợi cho chứng âm suy, ra mồ hôi nhiều.",""
3,"Chữa Sốt Nhẹ","Ba Ba, Bối Mẫu, Tri Mẫu","Sốt cao.","Dùng 1 con ba ba khoảng 500g, bỏ đầu, mật, gan, chặt miếng, trộn với bối mẫu, tri mẫu, tiền hồ, tử hồ, hạnh nhân mỗi thứ 5g, cho vào một ít rượu, muối. Hấp trong 1 tiếng, ăn nóng.","Bổ âm, khỏi hư nhiệt.","","","","",""
4,"Trị Bốc Nhiệt","Chim Khách, Gà Mái","Bốc nhiệt.","Dùng 1 con chim khách, 1 con gà mái (bỏ lông, ruột). Hầm nhừ (không cho muối). Ăn hết thịt trong ngày. Mang tất cả xương gà, chim sao khô tán thành bột, chia làm 3 lần. Uống hết với rượu trong ngày. Điều trị liên tục 3 ngày.","","","","","",""
4,"Trị Bốc Nhiệt","Sứa Biển","Bốc nhiệt.","Dùng 50-100g sứa, nấu chín ăn hoặc làm thức ăn ăn với cơm.","Chữa khỏi âm hư, bốc nhiệt, háo nước, khô cổ.","","","","",""
4,"Trị Bốc Nhiệt","Thịt Sò Biển","Bốc nhiệt.","Thịt sò nấu chín ăn, có tác dụng bổ dưỡng âm, thanh nhiệt.","","","","","",""
4,"Trị Bốc Nhiệt","Hải Sâm, Mộc Nhĩ, Ruột Lợn","Bốc nhiệt.","Hải sâm, mộc nhĩ (thái nhỏ) nhồi vào khúc ruột già lợn, luộc chín kỹ.","","","","","",""
4,"Trị Bốc Nhiệt","Tiết Ba Ba Hòa Rượu","Bốc nhiệt.","Dùng 1 con ba ba còn sống, cắt tiết lấy máu hòa vào rượu nóng uống.","","","","","",""
5,"Chữa Sốt Rét","Cây Thanh Hao Ngâm Rượu","Sốt rét (sốt cao, rét dữ từng cơn).","Dùng 100g cây thanh hao tươi, giã vắt lấy nước (hoặc 200g thanh hao khô sắc lấy nước, bỏ bã). Lấy 500g gạo nếp hòa vào nước thanh hao nấu thành cơm nếp. Để nguội, rắc men rượu ủ thành rượu. Hàng ngày ăn vào các bữa cơm.","Hòa giải thiếu dương, tán hàn thanh nhiệt.","","","","",""
6,"Chữa Ho Ra Máu","Bột Cây Huệ Khô Nấu Cháo","Ho ra máu (khi ho ít có những sợi máu nhỏ lẫn trong đờm, khi ho nhiều thì thường có cục máu, phần lớn do lao phổi, giãn khí quản...).","Dùng 30g bột cây huệ (tươi thì lượng gấp đôi), 100g gạo, cho vào một ít đường phèn, nấu thành cháo. Ăn vào 2 bữa sáng chiều.","","","","Thích hợp chữa trị phổi nóng ho ra máu.","Người già tỳ vị hư hàn không được dùng kéo dài.",""
6,"Chữa Ho Ra Máu","Mộc Nhĩ Trắng, Táo Tàu","Ho ra máu (bệnh trạng như trên).","Lấy 10g mộc nhĩ trắng rửa sạch, ngâm trong nước nóng 4 tiếng. Dùng 100g gạo tẻ, 5 quả táo, cho nước vừa đủ, đun sôi, sau đó cho mộc nhĩ, đường phèn vào nấu thành cháo. Ăn cháo vào 2 buổi sáng, chiều.","Chữa lao, ho ra máu.","Những người bị phong hàn cảm mạo tạm ngừng sử dụng bài thuốc này.","","","",""
6,"Chữa Ho Ra Máu","Rễ Cỏ Tranh, Nước Ngó Sen","Ho ra máu (bệnh trạng như trên).","Dùng 150g rễ cỏ tranh tươi thái nhỏ, 200g ngó sen tươi thái lát. Sắc lấy nước uống. Mỗi ngày uống 1-5 lần. Những người đi ỉa lỏng, giảm lượng rễ cỏ tranh, cho vào 30g bột sơn dược, cho vào nước thuốc sắc lên, uống thay nước chè.","Chữa trị lao lực, ho trong đờm có máu. Những người máu nóng, ho ra máu nhiều thì thêm vào 100g rễ cây đại kế.","","","","",""
6,"Chữa Ho Ra Máu","Nam Hạnh Nhân, Tang Bạch (Vỏ Rễ Dâu) Nấu Với Phổi Lợn","Lao phổi ho ra máu.","Mỗi lần dùng 15-20g hạnh nhân, đường 15g, vỏ rễ cây dâu 15g, phổi lợn 150g. Ninh nhừ, ăn vào 2 bữa cơm.","Mát phổi, khỏi ra máu.","Không dùng hạnh nhân trắng (bắc hạnh nhân).","","","",""
6,"Chữa Ho Ra Máu","Bạng Lan Hoa, Thịt Lợn Nạc","Bệnh lao phổi ho ra máu.","Mỗi lần dùng 30g bạng lan hoa, 150g thịt lợn nạc. Ninh nhừ, cho muối vào ăn cái, uống nước.","Bổ phổi, tiêu đờm, giảm sốt, khỏi ho, mát máu, ngừng chảy máu.","","","","",""
6,"Chữa Ho Ra Máu","Hoài Sơn, Phổi Lợn","Lao phổi ho trong đờm có máu.","Mỗi lần dùng 60g hoài sơn, 150g phổi lợn. Cho nước, muối vừa đủ, ninh nhừ ăn.","Bổ tỳ, phổi, tiêu đờm, cầm máu.","","","","",""
6,"Chữa Ho Ra Máu","Mộc Nhĩ, Đường Phèn","Lao phổi ho ra máu.","Mỗi lần dùng 10-15g mộc nhĩ, rửa sạch ngâm vào nước sôi khoảng 1 tiếng. Mộc nhĩ trộn với đường phèn, hấp cách thủy từ 2-3 tiếng. Ăn mộc nhĩ, uống nước.","Bổ âm, nhuận phổi, sinh huyết, cầm máu.","","","","",""
6,"Chữa Ho Ra Máu","Đông Trùng Hạ Thảo, Vịt Hấp Cách Thủy","Lao phổi, ho trong đờm có máu.","Mỗi lần dùng 1 con vịt, làm sạch, bỏ ruột, lấy 10-12g đông trùng hạ thảo, rửa sạch cho vào bụng vịt. Hấp cách thủy cho đến khi chín nhừ, cho ít muối vào. Ăn thịt, uống nước.","Mát bổ tim phổi, tiêu đờm, cầm máu.","","","","",""
6,"Chữa Ho Ra Máu","Sa Sâm, Đông Trùng Hạ Thảo, Thịt Rùa","Lao phổi ho ra máu.","Mỗi lần dùng 60g sa sâm, 10g đông trùng hạ thảo, 1 đến 2 con rùa đen. Rùa làm thịt, bỏ ruột, gan, để nguyên mai rùa, ninh nhừ với sâm, đông trùng hạ thảo. Cho ít muối, dầu vào. Ăn thịt uống nước.","Bổ âm, bổ máu, bổ phổi, cầm máu.","","","","",""
6,"Chữa Ho Ra Máu","Sa Sâm, Trứng Gà","Lao phổi ho ra máu.","Mỗi lần dùng 30g sa sâm, 2 quả trứng gà, cho vào 2 bát nước đun sôi, trứng chín, bóc bỏ vỏ, tiếp tục đun sôi nửa tiếng nữa, cho đường hoặc đường trắng vào quấy đều. Ăn trứng, uống nước.","Bổ âm, mát phổi, tiêu đờm, cầm máu.","","","","",""
6,"Chữa Ho Ra Máu","Hoàng Tinh, Đường Phèn","Lao phổi, ho ra máu.","Mỗi lần dùng 30-60g hoàng tinh, 30-50g đường phèn, cho vào 1 bát nước, hấp cách thủy 2 tiếng, uống nước.","Mát tim phổi, khỏi ho, cầm máu.","","","","",""
6,"Chữa Ho Ra Máu","Tam Thất, Ngó Sen, Trứng Gà","Lao phổi ho ra máu.","Mỗi lần dùng 1 quả trứng gà, đập vào cái bát, cho vào 30g nước ngó sen, 3g bột tam thất, một ít đường trắng, quấy đều. Hấp cách thủy cho đến khi chín.","Mát phổi cầm máu.","","","","",""
6,"Chữa Ho Ra Máu","Tổ Yến, Bạch Cập","Ho ra máu.","Tổ yến, bạch cập mỗi thứ 6g. Đun nhỏ lửa hầm kỹ. Lọc chắt lấy nước, cho đường phèn vào hấp tiếp ít phút. Hàng ngày vào mỗi buổi sáng, chiều uống 1 lần.","","","","","",""
7,"Trị Thổ Huyết, Xuất Huyết","Ngó Sen, Trắc Bách Diệp","Thổ huyết (nôn ra máu, thường có màu đỏ sẫm, có lẫn cặn bã thức ăn, vì máu từ trong dạ dày ra, phần lớn do trong dạ dày tích nhiệt, hoặc gan nóng ảnh hưởng đến dạ dày. Loét dạ dày chảy máu và thực quản chảy máu đều thuộc loại này).","Ngó sen tươi 500g, trắc bách diệp 100g, giã nát vắt lấy nước, hòa với nước sôi uống. Mỗi ngày uống 3-4 lần.","Điều trị có hiệu quả đối với chứng vị nhiệt xuất huyết (dạ dày).","Những người vị hàn (dạ lạnh) không được dùng. Cầm máu rồi thì không được điều trị tiếp.","","","",""
7,"Trị Thổ Huyết, Xuất Huyết","Trắc Bách Diệp, Gạo Tẻ","Thổ huyết (bệnh trạng như trên).","Dùng 500g trắc bách diệp, rửa sạch, giã chắt lấy nước, cho vào gạo tẻ nấu cháo. Cháo chín cho vào ít đường đỏ, quấy đều, ăn hết 1 lần.","Khỏi nôn ra máu, ỉa ra máu.","","","","",""
7,"Trị Thổ Huyết, Xuất Huyết","Lá Sen, Đường Phèn","Thổ huyết (bệnh trạng như trên).","Dùng 1 lá sen tươi to, giã vắt lấy nước, hòa với đường phèn. Mỗi lần uống 150-200ml, ngày uống 3 lần.","Mát máu, cầm máu.","","","Thích hợp với người thổ huyết do máu nhiệt.","",""
7,"Trị Thổ Huyết, Xuất Huyết","Tam Thất, Ngó Sen, Trứng Gà","Thổ huyết (bệnh trạng như trên).","Ngó sen tươi, vắt lấy 1 cốc nước, cho thêm nước lã, đem đun sôi. Cho vào 5g bột tam thất, 1 quả trứng gà, một ít muối, quấy đều, đem đun sôi là được. Ăn vào 2 bữa cơm hàng ngày. Người bị chảy máu dạ dày, uống nóng là tốt nhất.","Cầm máu, mát máu, tiêu đờm.","","","","",""
7,"Trị Thổ Huyết, Xuất Huyết","Bánh Bột Nếp, Ngó Sen","Thổ huyết (thổ huyết thường xuyên hoặc lúc ho mới thổ).","Bột ngó sen, bột gạo nếp, đường trắng mỗi thứ 250g. Cho nước vừa đủ, nhào bột, làm thành bánh. Hấp chín.","Mát máu, cầm máu.","","","","","Còn có tác dụng chữa thổ huyết, đại tiểu tiện ra máu, đổ máu mũi, suy nhược, kém ăn..."
7,"Trị Thổ Huyết, Xuất Huyết","Ngó Sen, Mật Ong","Chảy máu (chảy máu thường xuyên, không phải do vết thương bên ngoài, thường là chảy máu chân răng, chảy máu mũi, chảy máu dưới da... Bệnh trạng: da xanh xao, nhức đầu, tim đập loạn nhịp, mệt mỏi, nhạt miệng, mạch yếu).","Ngó sen tươi ép lấy 150ml nước, cho vào 30g mật ong, quấy đều uống. Mỗi ngày uống 2 lần. Điều trị liên tục nhiều ngày.","Khỏi bệnh chảy máu mũi, già trẻ đều dùng được, không phải kiêng kỵ gì.","","","","",""
7,"Trị Thổ Huyết, Xuất Huyết","Canh Cải Hoa Vàng và Rễ Cỏ Tranh","Chảy máu (bệnh trạng như trên).","Hoa cải vàng (khô) 100g, rễ cỏ tranh 50g. Cho vào 200ml nước, sắc kỹ lấy nước uống. Mỗi ngày uống 2-3 lần.","Chữa khỏi nôn ra máu, ho ra máu.","Bài thuốc có vị hoa cải vàng khô, những người hay bị dị ứng không nên dùng.","","","",""
7,"Trị Thổ Huyết, Xuất Huyết","Nước Củ Cải, Đường Phèn","Nôn ra máu (bệnh trạng như trên).","Củ cải trắng rửa sạch, ép ra nước, cho đường phèn vừa đủ, quấy đều. Mỗi lần uống 100ml. Mỗi ngày uống 3 lần.","Những người suy nhược, mắc chứng huyết dịch khi bị chảy máu mũi không được dùng bài thuốc này.","","","",""
7,"Trị Thổ Huyết, Xuất Huyết","Canh Đậu Phụ, Thạch Cao","Nôn ra máu (bệnh trạng như trên).","Thạch cao sống 500g, đậu phụ 200g. Cho vào 500ml nước, quấy đều, đun sôi trong 1 tiếng. Cho ít muối vào. Ăn đậu phụ, uống nước canh.","Cầm máu.","Những người sốt không nên dùng.","","","",""
7,"Trị Thổ Huyết, Xuất Huyết","Bì Lợn, Táo Tàu","Chảy máu (bệnh trạng như trên).","Lấy 500g bì lợn tươi, nước vừa đủ, nấu thành canh, cho vào 250g táo. Đun nhỏ lửa. Khi bì lợn chín nhừ, cho vào ít đường. Mỗi ngày ăn 1 lần.","Chữa khỏi chảy máu chân răng, chảy máu cam, chảy máu dưới da do tiểu cầu giảm hay bệnh máu chậm đông gây ra. Nhưng phải điều trị thường xuyên, 1/2 năm 1 liệu trình.","","","","",""
7,"Trị Thổ Huyết, Xuất Huyết","Ngó Sen, Táo Tàu, Cây Tế Thải","Xuất huyết (bệnh trạng như trên).","Rau tế thải tươi 60g, ngó sen tươi 20g, táo 5 quả. Cho vào 2 bát nước sắc lấy 1 bát. Ăn táo uống nước; Mỗi ngày 2 lần.","Chữa khỏi chảy máu mũi, chảy máu chân răng do huyết hư, sinh nhiệt gây ra.","","","","Người lớn, trẻ đều dùng được, không phải kiêng.",""
7,"Trị Thổ Huyết, Xuất Huyết","Ấu Trùng Ong, Đường Trắng","Xuất huyết.","Dùng 3-5 con ấu trùng ong, một ít đường trắng. Ấu trùng chấm đường ăn. Ăn 1-2 lần sẽ khỏi bệnh.","","","","","",""
7,"Trị Thổ Huyết, Xuất Huyết","Uống Tiết Dê","Xuất huyết.","Tiết dê uống nóng 1-2 cốc nhỏ.","Các loại xuất huyết đều khỏi.","","","","",""
7,"Trị Thổ Huyết, Xuất Huyết","Bạch Cập, Bao Trứng Bọ Ngựa","Xuất huyết.","Bao trứng sao vàng tán thành bột. Mỗi lần dùng 3g; mỗi ngày 3 lần. Dùng 18g bạch cập, sắc lấy nước. Bột bọ ngựa uống với nước bạch cập.","Chữa xuất huyết dạ dày, phổi đều có hiệu quả.","","","","",""
7,"Trị Thổ Huyết, Xuất Huyết","Cá Mực","Xuất huyết.","Lấy nước đen trong túi cá mực, đun rất nhỏ lửa, cô lấy bột. Mỗi lần uống 1-2g. Mỗi ngày uống 3 lần.","Xuất huyết dạ dày, xuất huyết bệnh phụ khoa đều dùng có kết quả.","","","","",""
8,"Chữa Chảy Máu Mũi, Viêm Mũi","Ngó Sen, Lá Hẹ","Chảy máu mũi.","Nước ngó sen 1 cốc, nước lá hẹ 1 cốc. Hâm nóng, uống hết 1 lần.","Thanh nhiệt, điều hòa máu, cầm máu.","","","","",""
8,"Chữa Chảy Máu Mũi, Viêm Mũi","Cá Nheo Hấp Xôi","Chảy máu mũi.","Dùng 3 con cá nheo, 200g gạo nếp. Trước hết đem gạo nếp thổi xôi. Cá nheo rửa sạch bỏ ruột, hấp trên nồi xôi. Khi chín nhừ, ăn nóng.","Mát máu, cầm máu.","","","","",""
8,"Chữa Chảy Máu Mũi, Viêm Mũi","Rễ Cỏ Tranh, Nước Mía","Chảy máu mũi.","Mỗi lần dùng 50-120g rễ cỏ tranh, 100-130g mía. Sắc lấy nước uống, thay nước chè.","Mát máu, cầm máu.","","","","Nếu người có mắc chứng viêm thận, thì dùng đoạn mía còn bọc trong lá là tốt nhất.",""
8,"Chữa Chảy Máu Mũi, Viêm Mũi","Cá Nheo Hầm Với Đậu Đen","Chảy máu mũi.","Cá nheo vài con, đậu đen 50-100g; nấu chín ăn nóng.","","","","","",""
8,"Chữa Chảy Máu Mũi, Viêm Mũi","Đường Trắng, Trứng Gà","Chảy máu mũi.","Trứng gà vỏ trắng 2 quả, đường trắng 50g. Quấy đều, đun sôi. Mỗi ngày uống 2 lần.","","","","","",""
8,"Chữa Chảy Máu Mũi, Viêm Mũi","Xơ Mướp","Mũi ung nhọt, chảy nước vàng mùi hôi.","Dùng 2 quả xơ mướp, sao vàng tán thành bột. Mỗi lần uống 15g. Hàng ngày uống với nước sôi vào 2 buổi sáng, chiều.","Giải độc, tan nhọt.","","","","",""
8,"Chữa Chảy Máu Mũi, Viêm Mũi","Tam Hoa, Nhị Tử Thang","Viêm mũi.","Hoa kim ngân, hoa hoàn phụ, hoa tân di, thương nhĩ tử, man kinh tử mỗi loại 10g. Sắc kỹ, lấy nước uống. Mỗi lần uống 1 thang, uống liên tục 2-3 lần.","Giải độc, tiêu viêm.","","","","",""
8,"Chữa Chảy Máu Mũi, Viêm Mũi","Hoa Tân Di, Trứng Gà","Viêm mũi mạn tính.","Mỗi lần dùng 10-12g hoa tân di, 2 quả trứng gà. Trứng gà luộc chín, bóc bỏ vỏ, thái lát, nấu lẫn với hoa tân di.","Giải độc, tiêu viêm.","","","","",""
8,"Chữa Chảy Máu Mũi, Viêm Mũi","Cỏ Phượng Vĩ, Hải Đới","Máu nóng, chảy máu mũi.","Mỗi lần dùng 30g cỏ phượng vĩ tươi, 30g hải đới. Cho vào 3 bát nước, sắc lấy 1 bát, cho vào một ít muối. Uống hết trong ngày.","Thanh nhiệt, mát máu.","","","","",""
8,"Chữa Chảy Máu Mũi, Viêm Mũi","Tổ Ong","Viêm mũi.","Lấy 1 miếng tổ ong, nhai thường xuyên, cứ nhai 10 phút lại nhả bã ra. Mỗi ngày nhai 3 lần.","","","","","",""
9,"Chữa Đi Ỉa Ra Máu","Sơn Dược, Tam Thất, Long Nhãn, Gừng Nướng","Đi ỉa ra máu do hư hàn (tỳ vị hư hàn, không thông huyết, máu chảy trong ruột, do ỉa trước ra máu sau, máu có màu sẫm, da xanh xao, thần sắc mệt mỏi, đau bụng, ỉa lỏng, nhạt miệng mạch vi).","Dùng 100g sơn dược giã nát, 20g long nhãn, 6g gừng nướng, 10g bột tam thất, cho gừng, long nhãn vào nấu sôi trong 30 phút, vớt bã gừng ra, tiếp tục cho sơn dược, tam thất vào đun nhỏ lửa, sắc kỹ. Mỗi ngày uống 2-3 lần.","Chữa khỏi bệnh ỉa ra máu do tỳ vị hư hàn.","Bài thuốc dược tính thiên về ôn, nên những người ỉa ra máu do thấp nhiệt không được dùng bài thuốc này.","","","",""
9,"Chữa Đi Ỉa Ra Máu","Mộc Nhĩ, Táo Tàu, Gạo Tẻ","Đi ỉa ra máu do thấp nhiệt (thường hay uống rượu, ăn cay, thấp nhiệt chứa trữ bên trong tích nhiệt dẫn đến đại tràng, đốt nóng thần kinh thông ruột, chảy máu trước đi ỉa sau, máu màu đỏ, miệng khô, bựa lưỡi vàng, mạch nhu).","Lấy mộc nhĩ đen 30g, ngâm nước sôi trong 1 tiếng. Lấy 100g gạo tẻ, 5 quả táo và một ít đường đỏ, cho mộc nhĩ đã ngâm rửa sạch vào và nấu thành cháo. Ăn vào 2 bữa sáng, chiều.","Bổ tỳ, cầm máu.","Những người bị phong hàn cảm mạo, ho không được dùng bài thuốc này.","","","",""
9,"Chữa Đi Ỉa Ra Máu","Mộc Nhĩ Đen, Táo Tàu","Đi ỉa ra máu do thấp nhiệt (bên trong như trên).","Mộc nhĩ đen 15-30g, táo 20-30 quả. Sắc lấy nước uống, mỗi ngày 1 lần. Điều trị liên tục nhiều ngày.","Chữa đi ỉa ra máu, bệnh trĩ chảy máu đều có hiệu quả.","Những người phong hàn cảm mạo không được dùng bài thuốc này.","","","",""
9,"Chữa Đi Ỉa Ra Máu","Hoa Mào Gà Trắng, Trứng Om-lết","Đi ỉa ra máu do thấp nhiệt (bệnh trạng như trên).","Hoa mào gà trắng 30g, cho vào 500ml nước, sắc lấy 300ml, bỏ bã. Lấy 1 quả trứng gà đập vào thành trứng om-lết, cho vào một ít đường trắng. Mỗi ngày ăn 1 lần. Điều trị liên tục nhiều ngày (5-6 ngày).","Khỏi chứng đi ỉa cả ra máu.","","","","",""
9,"Chữa Đi Ỉa Ra Máu","Cuống Lá Sen","Đi ỉa ra máu.","Dùng 5 cuống lá sen tươi, bỏ cọng, rửa sạch, cắt nhỏ. Sắc trong 1 tiếng, lấy nước; pha vào một ít đường, uống nóng. Mỗi ngày uống 2-3 lần.","Thanh nhiệt, cầm máu.","","","","",""
10,"Chữa Đái Ra Máu","Nấu Canh Trứng Gà Với Rau Tế Thải","Đái ra máu (đi đái nóng, đái dắt, đau buốt hoặc trong nước đái có lẫn máu hoặc cục máu, phần nhiều do thận và bàng quang tích nhiệt gây nên).","Rau tế thải tươi 200g, cho vào 2 bát nước. Sắc lấy 1 bát, đập vào 1 quả trứng gà, trứng chín, cho muối, quấy đều. Ăn trứng, rau, uống nước. Mỗi ngày ăn 2 lần. Liệu trình 1 tháng, có thể ăn vào bữa cơm; Không phải kiêng kỵ gì.","Mát máu, cầm máu, chữa lao thận, đái ra máu.","","","","",""
10,"Chữa Đái Ra Máu","Cây Bấc Đèn, Sắc Với Mứt Quả Hồng","Đái ra máu (bệnh trạng như trên).","Dùng 6g cây bấc đèn, 2 quả mứt hồng, 300ml nước. Sắc lấy 100ml, cho vào ít đường trắng. Uống nóng, ăn quả hồng. Mỗi ngày 2 lần.","Chữa huyết áp cao, đái ra máu và phụ nữ băng huyết rất hiệu nghiệm.","","","","",""
10,"Chữa Đái Ra Máu","Rau Dền Dại, Xa Tiền Thảo","Đái ra máu (bệnh trạng như trên).","Rau dền dại (để cả rễ), xa tiền thảo mỗi thứ 50g, cho vào 500ml nước, sắc kỹ, cho vào ít đường trắng. Dùng làm nước uống hàng ngày. Uống liên tục nhiều ngày.","Mát máu, cầm máu, chữa đái ra máu do viêm đường tiết niệu.","","","","",""
10,"Chữa Đái Ra Máu","Lá Tre, Bạch Mao Căn (Rễ Cỏ Tranh)","Đái ra máu (bệnh trạng như trên).","Dùng lá tre sao vàng, rễ cỏ tranh mỗi thứ 10g. Hãm với nước sôi trong 1/2 tiếng, uống thay nước chè.","Mát máu, cầm máu.","","","","",""
10,"Chữa Đái Ra Máu","Canh Rau Hẹ, Tiết Lợn","Đái ra máu, đau đường tiết niệu.","Rau hẹ 250g, tiết lợn 250g. Luộc chín ăn.","Bổ máu, mát máu, cầm máu, giảm đau.","","","","",""
10,"Chữa Đái Ra Máu","Cỏ Phượng Vĩ Nấu Với Nước Gạo","Đau đường tiết niệu, đái ra máu.","Mỗi lần dùng cỏ phượng vĩ tươi 60g (khô thì dùng 30g). Lấy 3 bát nước vo gạo (nước thứ 2), sắc lấy 1 bát, cho vào ít muối để uống.","Thanh nhiệt, mát máu, cầm máu, giảm đau.","","","","",""
10,"Chữa Đái Ra Máu","Xa Tiền Thảo","Bệnh lậu đái buốt ra máu.","Xa tiền thảo để nguyên rễ, rửa sạch, giã nát, vắt lấy 1 bát nước, quấy vào 1 thìa mật ong. Uống lúc đói bụng. Điều trị liên tục sẽ khỏi.","","","","","",""
10,"Chữa Đái Ra Máu","Nước Giá Đậu Xanh, Đường Trắng","Bệnh lậu đái dắt, đái nhiều lần, đau bụng dưới, đau đường tiết niệu.","Dùng 1/2 kg giá đậu xanh ép lấy nước, pha với đường trắng để uống.","Lợi tiểu, thông lậu.","","","","",""
10,"Chữa Đái Ra Máu","Rễ, Lá Ngô","Bệnh lậu, đái ra nước như có sạn, đau buốt đường tiết niệu.","Lấy lá ngô, rễ cây ngô sắc lấy nước uống, uống thay nước chè hàng ngày.","Lợi tiểu, giảm đau, thông lậu.","","","","",""
10,"Chữa Đái Ra Máu","Ngó Sen Tươi Nấu Với Bí Đao","Bệnh lậu (bệnh trạng như trên).","Ngó sen tươi 100g, bí đao 1 quả, nấu lấy nước uống, uống thường xuyên.","Thông lậu, giảm đau, cầm máu.","","","","",""
11,"Chữa Chảy Máu Tử Cung","Mộc Nhĩ Đen Sắc Với Đường Đỏ","Chảy máu tử cung (chảy máu tử cung thường do máu nóng, tỳ hư. Máu nóng ra nhiều, màu đỏ sẫm. Mặt đỏ, miệng khô, bựa lưỡi vàng, mạch hồng).","Mộc nhĩ đen 30g, đun nhỏ lửa, sắc kỹ. Cho vào 20g đường đỏ, chia 2 phần, ăn hết trong ngày.","Bổ máu, cầm máu.","Người mắc chứng ỉa chảy không được dùng.","","","",""
11,"Chữa Chảy Máu Tử Cung","Vảy Cá Chép, Rượu","Chảy máu tử cung (bệnh trạng như trên).","Vảy cá chép 200g, cho nước vừa đủ, đun nhỏ lửa, sắc kỹ cho đến khi thành cao. Mỗi ngày dùng 60g. Uống với rượu hâm nóng. Mỗi ngày uống 2 lần.","Tiêu máu đọng, bổ máu, cầm máu.","","","","",""
11,"Chữa Chảy Máu Tử Cung","Cá Diếc, Đương Quy","Chảy máu tử cung (bệnh trạng như trên).","Lấy 1 con cá diếc khoảng 250g, bỏ mật giữ vảy, rửa sạch, lấy 10g đương quy, 3g nhũ hương cho vào trong bụng cá. Dùng đất sạch, dẻo bọc kín cá, đem nướng cháy, bỏ đất, lấy than cá tán thành bột. Mỗi ngày lấy 3g bột cá, hòa với rượu hãm nóng uống.","Làm tan máu tụ, bổ máu sinh máu, cầm máu.","","","","",""
11,"Chữa Chảy Máu Tử Cung","Gà Đen, Lá Ngải","Chảy máu tử cung (bệnh trạng như trên).","Đem 1 con gà đen, không cắt tiết, làm sạch lông, bỏ mật, dùng 20g lá ngải, 30ml rượu trắng, 1 cốc nước. Đem gà, lá ngải... hấp cách thủy cho đến khi chín kỹ. Ăn thịt, uống nước. Hoặc có thể cho vào ít muối để ăn với cơm.","Tăng cường khí huyết, ôn trung. Chuyên trị băng huyết do hư hàn.","Những người rối loạn hành kinh, máu nóng không được dùng bài thuốc này.","","","",""
11,"Chữa Chảy Máu Tử Cung","Cây Đại Kế (Hoàng Tiểu Kế)","Tử cung chảy máu (bệnh trạng như trên).","Dùng 250g cây đại kế (hoặc tiểu kế), rửa sạch thái nhỏ. Cho nước vào, đun nhỏ lửa, sắc trong 1 tiếng, vớt bỏ bã. Tiếp tục đun nhỏ lửa, cô đặc nước thuốc. Để thuốc nguội, cho vào 500g đường trắng, quấy đều, để nguội cho vào lọ (hoặc bình thủy tinh) dùng dần. Mỗi lần uống 10g với nước sôi. Mỗi ngày uống 3 lần.","Chữa khỏi chứng thổ huyết, băng huyết, thích hợp với người có máu nóng.","","","","",""
11,"Chữa Chảy Máu Tử Cung","Bánh Thảo Sương, Đường Trắng","Tử cung chảy máu.","Lấy 50g bách thảo sương, 100g cám, 250g đường đỏ. Cho nước sôi vào, nhào nặn thành bánh, mỗi chiếc 100g nướng chín. Mỗi buổi sáng ăn 1 chiếc (ăn lúc đói).","Cầm máu.","","","","",""
11,"Chữa Chảy Máu Tử Cung","Mộc Nhĩ Trắng, Đường Đỏ","Tử cung chảy máu.","Đun mộc nhĩ trắng, đường đỏ, đun nhỏ lửa, sắc kỹ. Ăn thường xuyên, hoặc ăn vào 2 bữa cơm.","Bổ âm, cầm máu.","","","","",""
11,"Chữa Chảy Máu Tử Cung","Quả Hồng Khô, Rượu Nếp","Tử cung chảy máu.","Lấy 60-120g quả hồng khô, rang giòn, tán nhỏ. Uống với rượu nếp.","Cầm máu.","","","","",""
11,"Chữa Chảy Máu Tử Cung","Bột Mực","Chảy máu tử cung.","Lấy túi mực của mực sao khô, nghiền thành bột. Mỗi lần uống 1g; mỗi ngày uống 2 lần.","Bổ hư, cầm máu.","","","","",""
11,"Chữa Chảy Máu Tử Cung","Trứng Gà, Thủy Trạch Lan (Bạc Cốt Lan)","Chảy máu tử cung.","Dùng 25-50g lá thủy trạch lan, thái nhỏ, nấu với 1 quả trứng gà ăn.","","","","","",""
12,"Chữa Loét Dạ Dày và Tá Tràng","Mật Ong, Hoa Hồng","Loét dạ dày, tá tràng (bệnh trạng loét dạ dày: vùng bụng trên đau, có cảm giác trướng dạ, đau tức, phía bên trái bụng. Cơn đau thường phát sinh sau bữa ăn từ 1 tiếng đến tiếng rưỡi, và đau kéo dài 1-2 tiếng, sau đó giảm dần. Đau loét tá tràng ở phía bên phải bụng, cơn đau sau bữa ăn 3-4 tiếng, có khi đau lúc nửa đêm. Ngoài ra còn ợ chua, đầy hơi, buồn nôn, thổ huyết).","Hoa hồng 5g, hãm trong nước sôi 10 phút. Cho mật ong và đường đỏ vào, uống dần.","Giảm chua, lợi tràng, giảm đau, khỏi loét.","","","","",""
12,"Chữa Loét Dạ Dày và Tá Tràng","Đậu Phụ, Đường Đỏ","Dạ dày, tá tràng loét chảy máu.","Mỗi ngày dùng 2-4 tấm đậu phụ, 60g đường. Cho vào bát nước, nấu sôi chín trong 10 phút. Ăn với cơm.","Giảm chua, cầm máu.","","","","",""
12,"Chữa Loét Dạ Dày và Tá Tràng","Bột Tam Thất, Ngó Sen, Trứng Gà","Dạ dày, tá tràng loét, chảy máu.","Mỗi lần dùng 1 quả trứng gà đập vào trộn với 30ml nước ngó sen, 3g bột tam thất. Hấp cách thủy.","Cầm máu, giảm đau, tan huyết tụ.","","","","",""
12,"Chữa Loét Dạ Dày và Tá Tràng","Cây Sen Cạn, Táo Tàu","Dạ dày, tá tràng loét, chảy máu.","Mỗi lần dùng 50g cây sen cạn, 8-10 quả táo. Cho vào 2 bát nước, sắc lấy 1 bát, bỏ bã, uống nước.","Bổ thận, bổ huyết, bổ dạ dày, cầm máu.","","","","",""
12,"Chữa Loét Dạ Dày và Tá Tràng","Gừng Tươi, Lá Hẹ, Sữa Bò","Dạ dày loét do vị hàn.","Dùng 250g lá hẹ, 25g gừng tươi, rửa sạch thái nhỏ, giã vắt lấy nước, hòa vào 250g sữa bò (hoặc 2 thìa sữa bột), đun sôi, ăn nóng.","Chữa khỏi chứng viêm dạ dày, đau dạ dày, buồn nôn, thổ huyết.","","","","",""
12,"Chữa Loét Dạ Dày và Tá Tràng","Nước Khoai Tây","Loét dạ dày do tiêu hóa.","Khoai tây tươi để nguyên vỏ, ép lấy nước. Hàng ngày, sáng sớm, lúc còn đói, uống 1-2 thìa nước khoai tây (khoảng 50-100ml).","Kiện tỳ, ách khí, táo bón.","","","","",""
12,"Chữa Loét Dạ Dày và Tá Tràng","Mật Ong","Loét dạ dày.","Mật ong 150g, hấp nóng. Uống mỗi ngày 3 lần trước bữa ăn.","Bổ dưỡng, giảm đau, khỏi loét.","","","","",""
12,"Chữa Loét Dạ Dày và Tá Tràng","Cao Sứa Biển, Táo Tàu, Đường Đỏ","Loét dạ dày, tá tràng.","Sứa biển, táo mỗi thứ 500g, đường đỏ 250g. Ninh nhừ, cô đặc thành cao. Mỗi lần uống 1 thìa, mỗi ngày 2 lần.","","","","","",""
12,"Chữa Loét Dạ Dày và Tá Tràng","Mật Ong, Cam Thảo, Trần Bì","Loét dạ dày, tá tràng.","Mật ong 90g, cam thảo tươi 15g, trần bì 10g, nước vừa đủ. Sắc kỹ cam thảo, trần bì, sau đó quấy mật ong vào. Ngày uống 3 lần.","","","","","",""
12,"Chữa Loét Dạ Dày và Tá Tràng","Cháo Gạo Nếp","Loét dạ dày.","Gạo nếp, nho khô vừa đủ, nấu thành cháo. Mỗi buổi sáng, chiều ăn 1 lần.","Bổ tỳ vị, khỏi loét.","","","","",""
12,"Chữa Loét Dạ Dày và Tá Tràng","Thịt Mèo","Loét dạ dày, tá tràng mạn tính.","Làm thịt mèo, làm sạch lông, bỏ ruột. Ninh nhừ, cho vào ít rượu, muối ăn. Ăn liên tục 2-3 con sẽ có hiệu quả.","","","","","",""
12,"Chữa Loét Dạ Dày và Tá Tràng","Nước Gừng, Sữa Bò","Đau dạ dày do hư hàn.","Mỗi lần dùng 150-200g sữa bò, một thìa nước gừng, một ít đường trắng. Hấp cách thủy, ăn hết 1 lần.","Giảm đau, ấm dạ. Còn có tác dụng chữa nghẹn, nôn, ợ chua.","","","","",""
12,"Chữa Loét Dạ Dày và Tá Tràng","Đẳng Sâm, Gạo","Viêm dạ dày mạn tính, loét tá tràng.","Mỗi lần dùng 10-15g đẳng sâm, gạo 30g sao vàng. Cho vào 4 bát nước, sắc lấy 1 bát rưỡi, uống thường xuyên thay nước chè. Cách 1 ngày điều trị 1 lần. Điều trị liên tục 2-4 lần.","Bổ dưỡng dạ dày, tăng cường khí huyết, giảm đau.","","","","",""
12,"Chữa Loét Dạ Dày và Tá Tràng","Thảo Quả, Thịt Bò","Đau dạ dày do hư hàn, vị hàn, ăn uống khó tiêu, trướng bụng.","Mỗi lần dùng 6g thảo quả, 150-200g thịt bò thái miếng. Cho đủ nước, ninh nhừ, cho vào ít muối. Ăn thịt, uống nước.","Bổ tỳ, ấm dạ, khử hàn, trừ thấp, giúp tiêu hóa, giảm đau.","","","","",""
12,"Chữa Loét Dạ Dày và Tá Tràng","Lá Cây Ớt, Trứng Gà","Đau dạ dày do hư hàn.","Mỗi lần dùng 60-90g lá ớt tươi, 2 quả trứng gà, dùng dầu lạc rán vàng. Cho vào 1 bát rưỡi nước. Nấu chín canh trứng, lá ớt cho vào một ít muối. Ăn vào bữa cơm.","Khử hàn, giảm đau, bổ máu, bổ dạ dày.","","","","",""
12,"Chữa Loét Dạ Dày và Tá Tràng","Thịt Rùa Đen, Dạ Dày Lợn","Loét dạ dày, tá tràng.","Mỗi lần dùng 200g thịt rùa đen, 200g dạ dày lợn, thái nhỏ. Ninh nhừ, cho vào một ít muối. Ăn 2-3 lần, ăn hết trong ngày.","Tăng cường khí huyết, bổ dạ dày, bổ âm, giảm đau.","","","","",""
12,"Chữa Loét Dạ Dày và Tá Tràng","Rễ Cây Kim Quất, Dạ Dày Lợn","Viêm loét dạ dày mạn tính, loét tá tràng.","Mỗi lần dùng 30g rễ kim quất, 100-150g dạ dày lợn, thái nhỏ. Cho vào 4 bát nước, nấu đến khi còn 1/2 bát, cho vào một ít muối, gia vị. Ăn cả cái lẫn nước.","Bổ tỳ, khai vị, thông khí huyết, giảm đau.","","","","",""
12,"Chữa Loét Dạ Dày và Tá Tràng","Hồ Tiêu Trắng Hấp Táo Tàu","Đau dạ dày do hư hàn.","Mỗi lần dùng 5 quả táo tàu, bỏ hạt. Cho vào trong mỗi quả táo 2 hạt hồ tiêu trắng. Hấp trên nồi cơm, ăn nóng.","Ôn trung, bổ tỳ, ấm dạ, giảm đau.","","","","",""
12,"Chữa Loét Dạ Dày và Tá Tràng","Hồ Đào, Nhộng Tằm","Sa dạ dày.","Mỗi lần dùng 100-150g hồ đào, 50g nhộng tằm sao vàng. Hấp cách thủy.","Chữa khỏi sa dạ dày.","","","","",""
12,"Chữa Loét Dạ Dày và Tá Tràng","Thịt Lợn Nạc, Quả Xộp Xộp","Viêm ruột mạn tính.","Mỗi lần dùng 60g quả xộp xộp khô, 100g thịt lợn nạc. Hấp cách thủy, cho vào một ít muối. Ăn với cơm.","Bổ dưỡng dạ dày, ruột, giải độc, tiêu viêm.","","","","",""
13,"Chữa Đau Vùng Lườn","Hoa Trĩ Quế (Hay Trĩ Khôi)","Chữa chứng đau vùng lườn (gồm các nguyên nhân: buồn phiền, nóng nảy cáu giận, tổn thương gan, làm cho can khí tích tụ dẫn đến đau vùng lườn; bị va đập mạnh bên ngoài làm cho máu đọng tụ bên trong sinh chứng đau lườn; tà khí thấp nhiệt tích tụ vào gan mà sinh đau vùng lườn như viêm gan, viêm túi mật; lao lực vật vã, khí huyết suy nhược, thiếu máu, gan mật yếu, sinh chứng đau vùng lườn).","Mỗi lần dùng 6-10g cánh hoa trĩ quế, hãm nước sôi như hãm chè. Uống thay nước chè.","Chữa đau gan, dạ dày, buồn nôn, thổ huyết, khó tiêu đều có kết quả. Bài thuốc còn có thể dùng chữa chứng đau vùng lườn do can khí tích tụ, chứng kinh nguyệt không đều do can uất, khí hư.","","","","",""
13,"Chữa Đau Vùng Lườn","Hoa Nhài","Đau vùng lườn (bệnh trạng như trên).","Mỗi lần dùng 5g hoa nhài, 10g đường trắng. Hãm với 1 bát nước sôi, gạn lấy nước uống. Có thể sắc lấy nước uống, nhưng không đun lâu.","Bổ dưỡng khí huyết, giảm đau; chữa chứng đau vùng lườn.","","","","",""
13,"Chữa Đau Vùng Lườn","Hoa Dạ Hợp Hấp Với Gan Lợn","Đau vùng lườn (bệnh trạng như trên).","Mỗi lần dùng 10g hoa dạ hợp khô (nếu hoa tươi thì dùng 20g), ngâm hoa trong bát nước sôi, 150g gan lợn thái nhỏ, một ít muối. Tất cả hấp cách thủy, làm thức ăn ăn với cơm.","Bổ gan, giảm đau, thư giãn. Còn chữa mất ngủ, quáng gà, viêm giác mạc.","","","","",""
13,"Chữa Đau Vùng Lườn","Nước Lá Hẹ","Đau vùng lườn (bệnh trạng như trên).","Mỗi lần dùng 500g lá hẹ tươi (cả hoa rễ), giã vắt lấy nước, đun nóng uống. Mỗi lần uống 50ml, ngày uống 2 lần.","Bổ dưỡng khí huyết, giảm đau, khỏi tụ máu, đau lườn.","","","","Những người bị bệnh ung thư dùng bài thuốc này có thể giảm nhẹ.",""
13,"Chữa Đau Vùng Lườn","Quả Trám, Củ Cải","Đau vùng 2 bên lườn do can khí tích tụ.","Mỗi lần dùng 250g quả trám, 50-100g củ cải. Sắc lấy nước uống thay nước chè.","Khỏi tích tụ, bổ dưỡng khí huyết, giảm đau.","","","","",""
13,"Chữa Đau Vùng Lườn","Nước Khoai Tây","Đau vùng lườn.","Khoai tây rửa sạch, thái nhỏ, giã vắt lấy nước. Trước bữa ăn uống 1 thìa.","Điều hòa khí huyết, giảm đau.","","","","",""
14,"Chữa Đau Khoang Dạ Dày","Uống Nước Khoai Tây","Đau khoang dạ dày.","Khoai tây tươi (không được dùng loại đã nảy mầm) rửa sạch, ép lấy nước. Mỗi lần uống 2 thìa trước bữa ăn.","Ấm trong, giảm đau. Ngoài ra còn dùng chữa viêm loét dạ dày, tá tràng mạn tính, bí ỉa do thói quen, mẩn ngứa da, viêm túi mật mạn tính và chứng đau vùng lườn.","","","","",""
14,"Chữa Đau Khoang Dạ Dày","Nước Gừng, Cát Cánh, Khoai Tây","Đau khoang dạ dày.","Lấy 100g khoai tây, 10g gừng tươi, ép lấy nước, hòa vào 30g nước cát cánh tươi. Hòa với nước sôi. Uống mỗi ngày 30ml.","Tăng cường khí huyết, giảm đau. Chữa các chứng đau dạ dày, thổ huyết, buồn nôn, do thần kinh, do hư hàn.","","","","",""
14,"Chữa Đau Khoang Dạ Dày","Uống Nước Đường Mạch Nha","Đau khoang dạ dày.","Dùng 20ml đường mạch nha, hòa vào nước sôi. Mỗi ngày uống 3 lần, uống trước bữa ăn.","Chữa đau dạ dày kinh niên, đau dạ dày do hư hàn.","","","","",""
14,"Chữa Đau Khoang Dạ Dày","Cháo Quả Phật Thủ, Cát Cánh, Gạo Tẻ","Đau khoang dạ dày.","Phật thủ, cát cánh mỗi thứ 20g. Ninh nhừ, bỏ bã, lấy nước. Cho vào 100g gạo tẻ, nước vừa đủ nấu thành cháo. Khi cháo chín, cho vào ít đường, nước phật thủ, cát cánh, quấy đều, đun sôi lên là ăn được. Mỗi ngày ăn hai lần.","Bổ dạ dày, giảm đau, khỏi viêm dạ dày mạn tính, khỏi đau dạ dày khí hư.","","","","",""
14,"Chữa Đau Khoang Dạ Dày","Hồ Tiêu Trắng, Dạ Dày Lợn","Đau dạ dày dạng hàn.","Hồ tiêu trắng 15g, dạ dày lợn 1 chiếc. Cho hồ tiêu đã nghiền nhỏ vào trong dạ dày lợn. Đun nhỏ lửa, ninh nhừ. Ăn nóng. Ba ngày ăn 1 lần. Điều trị liên tục 3-4 lần.","","","","","",""
14,"Chữa Đau Khoang Dạ Dày","Gừng, Hồ Tiêu","Đau dạ dày dạng hàn, nhạt miệng, nhiều nước bọt.","Gừng khô 10g, hồ tiêu 10 hạt, tán nhỏ, uống với nước sôi. Chia làm 2 lần uống hết trong ngày.","Ấm trong, giảm đau.","","","","",""
14,"Chữa Đau Khoang Dạ Dày","Quả Vải, Trần Bì","Đau trướng bụng, ăn no trướng bụng khó tiêu, đầy hơi.","Hạt quả vải 100g, trần bì 10g, tán thành bột, uống với nước sôi trước bữa ăn cơm. Mỗi lần uống 10g.","Tăng cường khí huyết, giảm đau.","","","","",""
14,"Chữa Đau Khoang Dạ Dày","Uống Dầu Lạc","Đau dạ dày, ợ chua, đói no đều váng đầu.","Hàng ngày, sáng sớm lúc còn đói, uống 2 thìa dầu lạc.","Giảm đau, ấm trong.","","","","",""
14,"Chữa Đau Khoang Dạ Dày","Bong Bóng Cá, Thịt Lợn Nạc","Đau dạ dày lâu ngày, có thể suy nhược, ăn ít, gầy còm.","Bong bóng cá 100g, thịt lợn nạc 200g, hấp cách thủy. Ăn hết 1 lần.","Bổ hư, giảm đau.","","","","",""
14,"Chữa Đau Khoang Dạ Dày","Cá Diếc, Hồ Tiêu","Các chứng đau dạ dày mạn tính.","Cá diếc tươi 1 con (tốt nhất là loại cá từ 200g/con trở lên). Mổ cá, bỏ mật, cho 25g bột hồ tiêu trắng vào bụng cá. Hấp cách thủy. Ăn liên tục nhiều lần.","Giảm đau, bổ dạ dày.","","","","",""
14,"Chữa Đau Khoang Dạ Dày","Củ Cải, Thịt Chó","Đau dạ dày dạng hàn.","Cho củ cải, và thịt chó (hoặc thịt dê, thịt hươu, gừng tươi) vào ninh nhừ. Ăn cả nước lẫn cái, ăn mỗi tối một lần.","Ấm dạ, giảm đau.","","","","",""
14,"Chữa Đau Khoang Dạ Dày","Cháo Gạo Nếp, Bách Hợp, Đường","Đau dạ dày.","Mỗi lần dùng 60-90g bách hợp, cho vào gạo nếp, đường vừa đủ, nấu thành cháo. Mỗi ngày ăn 1 lần, ăn liên tục từ 7-10 ngày.","Sinh huyết, tăng cường khí huyết, giảm đau.","","","","",""
14,"Chữa Đau Khoang Dạ Dày","Nước Gừng, Sữa Bò","Đau dạ dày dạng hàn.","Mỗi lần có thể dùng 150-200ml sữa bò, một thìa nước gừng tươi, một ít đường trắng. Hấp cách thủy.","Bổ dạ dày, giảm đau.","","","","",""
14,"Chữa Đau Khoang Dạ Dày","Thảo Quả, Thịt Bò","Đau dạ dày hàn, lạnh bụng, ăn uống khó tiêu.","Mỗi lần dùng 6g thảo quả, 150-200g thịt bò, thái nhỏ. Cho đủ nước, ninh nhừ, cho 1 ít muối. Ăn thịt, uống nước.","Ấm tỳ vị, trừ hàn thấp, dễ tiêu hóa, giảm đau.","","","","",""
14,"Chữa Đau Khoang Dạ Dày","Lá Ớt, Trứng Gà","Đau dạ dày dạng hàn.","Mỗi lần dùng 60-90g lá ớt tươi, 2 quả trứng gà. Trứng gà rán với dầu lạc, cho nước, muối, lá ớt vào, nấu chín kỹ. Ăn với 2 bữa cơm.","Khử hàn, giảm đau, bổ huyết, bổ dạ dày.","","","","",""
14,"Chữa Đau Khoang Dạ Dày","Hồ Tiêu, Táo Tàu","Đau dạ dày hàn tính.","Mỗi lần dùng 5 quả táo, bỏ hạt, mỗi quả táo cho vào 2 hạt hồ tiêu. Hấp cơm ăn.","Ấm trong, bổ tỳ, ấm dạ dày, giảm đau.","","","","",""
14,"Chữa Đau Khoang Dạ Dày","Quả Xộp Xộp, Thịt Lợn Nạc","Đau, viêm dạ dày, tá tràng mạn tính.","Mỗi lần dùng 60g quả xộp xộp khô, 100-120g thịt lợn nạc. Hấp cách thủy, cho thêm gia vị ăn.","Bổ dạ dày, ruột, tiêu viêm, giảm đau.","","","","",""
15,"Chữa Đau Bụng","Cháo Gừng, Trần Bì","Đau bụng lạnh (Đau phát sinh từ vùng xương chậu trở lên, từ vùng khoang bụng trở xuống).","Gừng 25g, trần bì 5g. Gừng thái nhỏ, nấu gừng, trần bì và gạo tẻ thành cháo.","Khử hàn, giảm đau.","","","","",""
15,"Chữa Đau Bụng","Tỏi Ngâm Giấm","Đau bụng lạnh dạng hàn hoặc ăn phải thức ăn sống, lạnh, cảm lạnh, lạnh bụng.","Lấy củ tỏi, ngâm giấm. Ăn hết 1 lần.","Khử hàn, giảm đau.","","","","",""
15,"Chữa Đau Bụng","Cà Phê, Nước Sôi","Đau bụng ăn khó tiêu.","5g cà phê, hãm nước sôi uống.","Giúp tiêu hóa, giảm đau.","","","","",""
15,"Chữa Đau Bụng","Dầu Lạc, Nước Sôi","Đau bụng quặn, tắc ruột.","Lấy 1/2 cốc nhỏ dầu lạc, uống với nước sôi, uống hết trong 1 lần. Ngày uống 2 lần.","Thông đại tiện, giảm đau.","","","","",""
15,"Chữa Đau Bụng","Thịt Chó, Chao Đậu, Gạo Tẻ","Đau bụng tỳ hư. Đau bụng do lạnh, đầy trướng.","Thịt chó béo 250g, nấu với gạo tẻ, chao đậu, muối thành cháo.","Khử hàn, giảm đau.","","","","",""
15,"Chữa Đau Bụng","Rượu, Đường Đỏ","Đau bụng do cảm hàn, đau bụng đi ỉa.","Rượu 50ml, đường đỏ 10g. Đun nhỏ lửa cho đến khi đường chảy tan. Ăn nóng.","Khử hàn, trừ thấp, giảm đau, khỏi ỉa chảy.","","","","",""
15,"Chữa Đau Bụng","Củ Cải Trắng, Đường Trắng","Trẻ em ỉa chảy.","Lấy 2 phần củ cải, 1 phần đường. Nấu chín nhừ, ép lấy nước, bỏ bã. Mỗi ngày uống 3 lần, mỗi lần 5-10ml. Uống liên tục 2-3 ngày.","Cắt cơn ỉa chảy.","","","","",""
15,"Chữa Đau Bụng","Gừng, Cát Cánh, Khoai Tây","Đau bụng, thổ tả, không muốn ăn do thần kinh dạ dày.","Khoai tây 100g, gừng tươi 10g, cát cánh bỏ vỏ, bỏ hạt tất cả đem giã nát, vắt lấy nước. Trước mỗi bữa ăn uống một thìa.","Giảm đau, hết nôn.","","","","",""
15,"Chữa Đau Bụng","Đinh Hương Rượu","Đau bụng do cảm hàn, trướng bụng, thổ tả.","Rượu 50ml, cho vào 2 giọt dầu đinh hương. Hâm nóng trong 10 phút. Uống ngay.","Khử hàn, giảm đau, trừ tả.","","","","",""
16,"Chữa Sa Dạ Dày","Thịt Rùa Hầm Chỉ Xác","Sa dạ dày.","Thịt rùa 250g, chỉ xác 15g. Ninh nhừ, bỏ bã thuốc, ăn thịt uống nước.","Khỏi sa dạ dày.","","","","",""
16,"Chữa Sa Dạ Dày","Hạnh Đào, Nhộng Tằm","Sa dạ dày.","Mỗi lần có thể dùng 100-159g hạnh đào, 50g nhộng tằm sao qua. Hấp cách thủy.","Kiện vị, khỏi sa dạ dày.","","","","",""
16,"Chữa Sa Dạ Dày","Sâm, Hoàng Kỳ","Sa dạ dày.","Đẳng sâm, hoàng kỳ mỗi thứ 250g, rửa sạch, ngâm nước lạnh. Sau đó sắc kỹ, lấy 3 nước thuốc, bỏ bã, đun nhỏ lửa cô đặc nước thuốc, trộn vào nước thuốc 500g đường. Quấy đều cho đến lúc khô thì để nguội, dùng dần (bảo quản bằng lọ kín). Mỗi lần uống 10g với nước nóng, ngày uống 2 lần.","","","","","",""
17,"Chữa Buồn Nôn, Nôn Mửa","Gừng Tươi, Đường Mạch Nha","Nôn mửa (bệnh nôn mửa do tình trạng cơ thể bên ngoài thì mắc cảm cúm, nóng lạnh, trúng gió; bên trong thì ăn uống quá độ, lao động mệt mỏi dẫn đến dạ dày trướng khí mà sinh ra).","Gừng tươi 10g, mạch nha 30g. Hấp trong nước sôi 10 phút. Ngày uống nhiều lần.","Chữa khỏi chứng nôn mửa do tỳ vị suy nhược, cảm cúm, nóng lạnh.","","","","",""
17,"Chữa Buồn Nôn, Nôn Mửa","BÁN HẠ, SƠN DƯỢC","Nôn mửa (bệnh trạng như trên).","Bán hạ tươi 30 gr, rửa sạch bằng nước nóng. Cho vào ấm đất sắc lấy 200 ml nước, bỏ bã. Cho vào 50 gr sơn dược, đun tiếp cho sôi kỹ, cho thêm đường trắng. Mỗi ngày ăn 2 lần vào sáng, chiều.","Khỏi đầy hơi, nôn mửa liên miên.","","","","",""
17,"Chữa Buồn Nôn, Nôn Mửa","HOẮC HƯƠNG, GẠO TẺ","Nôn mửa (bệnh trạng như trên).","Hoắc hương tươi 30 gr (nếu khô thì dùng 15 gr), sắc lấy nước. Lấy 100 gr gạo tẻ, nước vừa đủ, nấu thành cháo. Khi cháo chín nhừ, cho nước hoắc hương vào cháo, quấy đều, đun sôi.","Khỏi đầy hơi, nôn mửa, vừa thổ vừa tả, đau bụng.","","","","",""
17,"Chữa Buồn Nôn, Nôn Mửa","ĐINH HƯƠNG, GỪNG, ĐƯỜNG","Nôn mửa (bệnh trạng như trên).","Lấy 50 gr đường phèn hoặc đường kính, cho vào 1 ít nước, đem đun nhỏ lửa; đường tan, cho 30 gr gừng tươi đã băm nhỏ và 5 gr bột đinh hương vào quấy đều. Tiếp tục nhỏ lửa cho đến khi cô đặc là được.","Chữa chứng đau dạ dày, nôn mửa, đầy hơi, lạnh bụng.","","","","",""
17,"Chữa Buồn Nôn, Nôn Mửa","ĐẬU BẠCH BIỂN, GẠO TẺ","Nôn mửa (bệnh trạng như trên)","Đậu bạch biển 60 gr, gạo tẻ 100 gr. Nấu thành cháo. Ăn trong ngày.","Chữa khỏi chứng nôn mửa, tả lỵ do nóng lạnh. Bài thuốc này thích hợp trong điều trị tỳ vị hư nhược, nôn mửa, vào mùa hè oi bức.","","","","",""
17,"Chữa Buồn Nôn, Nôn Mửa","CHÁO NƯỚC GỪNG, SA NHÂN","Nôn mửa (bệnh trạng như trên)","Mỗi bát cháo sa nhân cho vào 10 ml nước gừng. Ăn trong ngày.","Chữa trị nôn mửa, vừa đau bụng vừa đầy hơi trướng bụng, nấc. Giải phiền, thông hơi, tán hàn, mát gan, thận, tỳ vị hư nhược, ăn vào nôn ra.","","","","",""
17,"Chữa Buồn Nôn, Nôn Mửa","TAI QUẢ HỒNG","Nôn mửa do vị hàn (dạ dày lạnh)","Lấy 3 chiếc tai quả hồng, hấp cơm ăn.","Làm ấm bụng, khỏi nôn mửa.","","","","",""
17,"Chữa Buồn Nôn, Nôn Mửa","NƯỚC GỪNG TƯƠI, MẬT ONG","Nôn mửa liên miên không cầm được.","Nước gừng tươi 1 thìa, mật ong 2 thìa, cho vào 3 thìa nước sôi. Hãm nóng. Uống hết trong 1 lần. Mỗi ngày uống 4 - 5 lần.","Mát dạ, cắt cơn nôn mửa.","","","","",""
17,"Chữa Buồn Nôn, Nôn Mửa","GỪNG TƯƠI, TÁO TÀU","Nôn mửa do vị hàn (lạnh bụng)","Lấy một số củ gừng to, còn tươi, nguyên vỏ. Mỗi miếng gừng tách làm đôi, khoét lỗ cho vào 1 quả táo, nắp kín. Nướng trên than củi cho đến khi vỏ gừng cháy đen, lấy táo ra ăn. Mỗi ngày ăn 5 - 6 quả.","Tán hàn, ấm dạ, bổ tỳ, cắt cơn nôn.","","","","",""
17,"Chữa Buồn Nôn, Nôn Mửa","ĐINH HƯƠNG, TUYẾT LÊ","Nôn mửa.","Mỗi lần dùng 1 quả tuyết lê, tách đôi, bỏ hạt, cho vào 10 - 15 hạt đinh hương. Dùng giấy bản thấm nước gói 4 - 5 lớp giấy. Nướng chín; bỏ đinh hương ăn quả lê.","Bổ dạ dày, cắt cơn nôn.","","","","",""
17,"Chữa Buồn Nôn, Nôn Mửa","CÁ DIẾC, SA NHÂN","Buồn nôn, nôn mửa.","Cá diếc 250 gr, một ít sa nhân gừng, hồ tiêu... sắc lấy nước uống!","","","","","",""
17,"Chữa Buồn Nôn, Nôn Mửa","TIẾT VỊT TRẮNG","Buồn nôn, nôn mửa.","Tiết vịt trắng (có thể dùng ngồng cũng được) uống ngay lúc tiết còn nóng.","","","","","",""
17,"Chữa Buồn Nôn, Nôn Mửa","MÀNG MỀ GÀ","Buồn nôn, nôn mửa.","Màng mề gà 50 gr, sao toàn tính, tán nhỏ. Mỗi lần 5 gr uống với rượu.","","","","","",""
17,"Chữa Buồn Nôn, Nôn Mửa","GAN LỢN HẦM VỚI NGŨ VỊ","Buồn nôn, nôn mửa.","Gan lợn 1 chiếc, ngũ vị 15 gr. Hầm chín ăn nóng.","Khỏi buồn nôn, hạ đờm.","","","","",""
17,"Chữa Buồn Nôn, Nôn Mửa","CỦ CẢI NGÂM MẬT","Buồn nôn, nôn mửa.","Củ cải trắng, tươi 500 gr, rửa sạch, thái nhỏ, cho vào luộc, nước sôi vớt củ cải ra ngay. Để ráo nước, đem phơi nắng 1/2 ngày, sau đó cho vào 150 gr mật ong, trộn đều, đun nhỏ lửa, quấy đều cho đến khi sôi lên là được. Để nguội, ăn dần.","Mát dạ. giảm đầy hơi, khỏi nôn.","","","","",""
18,"CHỮA TRƯỚNG BỤNG","CON GIÁN, CỦ CẢI, RƯỢU","Trướng bụng","Dùng 1 con gián (sấy khô), 1 nắm hạt cây củ cải, sao vàng tán bột, tất cả hòa với rượu uống.","","","","","",""
18,"CHỮA TRƯỚNG BỤNG","CHÁO CUA GẠO TẺ","Trướng bụng.","Cua tươi, gạo tẻ, nấu thành cháo ăn nóng.","","","","","",""
18,"CHỮA TRƯỚNG BỤNG","LƯƠN NẤU VỚI TỎI RƯỢU","Trướng bụng.","Lươn 250 gr, tỏi to 1 củ, rượu 1 cốc. Nấu nhừ ăn nóng.","","","","","",""
18,"CHỮA TRƯỚNG BỤNG","MÀNG MỀ GÀ, HƯƠNG PHỤ","Trướng bụng.","Dùng 3 - 5 chiếc màng mề gà sao vàng, cùng với 10 gr hạt củ cải, 15 gr hương phụ, 25 gr mạch nha, 15 gr thương truật. Sắc lấy nước uống.","","","","","",""
18,"CHỮA TRƯỚNG BỤNG","THỊT CHÓ GẠO TẺ","Trướng bụng.","Dùng 150 gr thịt chó, thái nhỏ. Ninh nhừ với gạo thành cháo. Ăn lúc đói. Ăn với cơm cũng tốt.","","","","","",""
19,"CHỮA TÁO BÓN","CHÁO GẠO TẺ, HOA ĐÀO","Táo bón (do ruột, dạ dày nóng, lao động mệt mỏi, khí huyết đều hư, âm hàn ngưng trệ, sinh ra táo bón, bí ỉa, bài tiết khó khăn).","Mỗi lần dùng 4 gr cánh hoa đào tươi (nếu khô dùng 2 gr), 100 gr gạo tẻ. Nấu thành cháo. Cách 1 ngày ăn 1 lần.","Thanh nhiệt, nhuận tràng, thông đại tiện.","Ăn cháo hoa hồng đến khi nào đi ỉa bình thường rồi thì thôi. Hoa đào ướp lạnh thích hợp với bệnh nóng trong, khó ỉa.","","","",""
19,"CHỮA TÁO BÓN","ĐƯỜNG PHÈN, CHUỐI TIÊU","Táo bón (bệnh trạng như trên).","Mỗi lần dùng 2 quả chuối tiêu (bỏ vỏ), ít đường phèn. Hấp cách thủy. Mỗi ngày ăn 2 lần. Ăn liên tục một số ngày.","Thanh nhiệt, nhuận tràng, giải độc, bổ trong, mát da.","Những người ốm yếu, suy nhược lại bí ỉa dùng bài thuốc này rất hiệu quả. Những người mắc bệnh đái đường không được dùng bài thuốc này.","","","",""
19,"CHỮA TÁO BÓN","CAO MẬT ONG QUẢ DÂU","Táo bón (bệnh trạng như trên)","Mỗi lần dùng 1.000 quả dâu chín tươi. Cho vào nước sắc kỹ 2 lần, lấy 1.000ml nước. Đun nhỏ lửa cho đến khi đặc sệt, cho vào 300g mật ong. Quấy đều, đun nhỏ lửa cho sôi đều. Tắt lửa, để nguội, cho vào lọ, đậy kín. Mỗi lần uống 20ml, uống với nước nóng. Mỗi ngày uống 2 lần.","Nhuận tràng, thông đại tiện. Bí đại tiện do khí hư huyết kém, chữa nhiều lần sẽ khỏi; thích hợp với người già, trẻ em.","","","","",""
19,"CHỮA TÁO BÓN","CHÁO NGŨ NHÂN, GẠO TẺ","Táo bón (bệnh trạng như trên)","Lấy vừng, hạt thông, nhân hạt đào, nhân hồ đào, hạnh nhân, mỗi thứ 10gr, tán nhỏ trộn 200gr gạo tẻ, nấu thành cháo, quấy vào 1 ít đường. Hàng ngày ăn vào 2 buổi sáng chiều.","Kiện vị, nhuận tràng, thông đại tiện. Bài thuốc phù hợp với những người huyết áp cao, táo bón đã thành thói quen. Những người mắc bệnh trĩ, bị táo bón, chảy máu cũng dùng được bài thuốc này. Phụ nữ sau khi sinh đẻ, bị táo bón, dùng bài thuốc này cũng được, nhưng cần bớt đi vị hạt đào.","","","","",""
19,"CHỮA TÁO BÓN","CHÁO HÀ THỦ Ô, TÁO TÀU","Táo bón","Hà thủ ô 50gr sao kỹ, sắc lấy nước, bỏ bã. Cho vào 100gr gạo tẻ, 3 quả táo, ít đường phèn nấu thành cháo. Mỗi ngày ăn 1 lần","Thông đại tiện, nhuận tràng.","Thông đại tiện rồi thì ngừng uống thuốc. Những người cao tuổi mắc chứng huyết áp cao, xơ cứng động mạch, âm huyết đều hư, táo bón, sử dụng bài này nhiều lần rất tốt, kéo dài tuổi thọ. Những người đi ỉa lỏng không được dùng bài thuốc này. Trong khi uống bài thuốc này, kiêng ăn hành, tỏi, củ cải, thịt dê, thịt lợn.","","","",""
19,"CHỮA TÁO BÓN","CHÁO RAU CHÂN VỊT","Táo bón (bệnh trạng như trên)","Dùng 100gr rau chân vịt, 100gr gạo tẻ. Rau rửa sạch cho vào luộc chín, vớt ra thái nhỏ. Đem gạo nấu thành cháo, cho rau vào quấy đều, đun sôi lên là được. Mỗi ngày ăn 2 lần.","Nhuận tràng, thanh nhiệt, thông đại tiện. Người mắc chứng huyết áp cao, táo bón, người bị bệnh trĩ, táo bón ra máu đều dùng bài thuốc này rất tốt.","","","","",""
19,"CHỮA TÁO BÓN","CỦ CẢI TƯƠI, CÁI PHÁC TIÊU","Táo bón (bệnh trạng như trên)","Củ cải tươi 2.500gr thái lát, phác tiêu 150gr, cho vào 2.500ml nước. Ninh nhừ, vớt ra. Sắc lấy 1.000ml nước, chia làm 3 lần uống hết trong ngày.","Thông đại tiện.","Khi đi ỉa bình thường thì ngưng ngay không uống nữa. Những người cơ thể suy nhược, không nên dùng bài thuốc này.","","","",""
19,"CHỮA TÁO BÓN","NƯỚC LÁ HẸ, RƯỢU","Táo bón kéo dài","Một cốc nước lá hẹ và 1/2 chén rượu hòa, vào 1/2 cốc nước sôi để uống.","Khỏi táo bón, thông đại tiện.","","","","",""
19,"CHỮA TÁO BÓN","SỮA BÒ, MẬT ONG, LÁ HÀNH","Táo bón kinh niên","Dùng 250gr sữa bò, 100ml mật ong, một ít nước lá hành. Nấu chín, uống hàng ngày.","Khỏi táo bón, thông đại tiện.","","","","",""
19,"CHỮA TÁO BÓN","SA SÂM, NGỌC TRÚC HẦM VỚI VỊT","Sau khi ốm dậy, cơ thể suy nhược, mất nước, nóng ruột sinh ra táo bón.","Mỗi lần dùng sa sâm, ngọc trúc mỗi thứ 30 - 50gr, 1 con vịt. Vịt làm sạch lông, bỏ ruột cho nước vừa đủ, ninh nhừ. Ăn thịt, uống nước.","Trừ táo bón, thông đại tiện.","","","","",""
19,"CHỮA TÁO BÓN","MẬT ONG, HOA KIM NGÂN","Người cao tuổi táo bón.","Dùng 30gr hoa kim ngân, cho vào 2 bát nước, sắc lấy 1 bát. Lọc lấy nước, cho vào 20gr mật ong quấy đều. Sớm, chiều uống 2 lần.","Trừ táo bón, thông đại tiện.","","","","",""
19,"CHỮA TÁO BÓN","CÀ RỐT CHẤM MẬT ONG","Táo bón.","Cà rốt, luộc chín, chấm với mật ong. Mỗi lần ăn 250 - 500gr, mỗi ngày 2 lần.","Trừ táo bón, thông đại tiện.","","","","",""
19,"CHỮA TÁO BÓN","MÃ THẦY, RAU MUỐNG","Nóng ruột, táo bón.","Mỗi lần dùng 200 - 250gr rau muống tươi, 10 hạt mã thầy (bỏ vỏ). Ninh nhừ. Chia làm 2 - 3 lần, ăn hết trong ngày.","Thanh nhiệt, khỏi táo bón, thông đại tiện.","","","","",""
19,"CHỮA TÁO BÓN","ĐƯỜNG TRẮNG, BỘT SẮN DÂY","Táo bón, nóng ruột","Mỗi lần dùng 30 - 50gr bột sắn dây, đường trắng vừa đủ. Nấu thành chè bột sắn.","Thanh nhiệt, lợi đại tiện.","","","","",""
19,"CHỮA TÁO BÓN","HẠNH NHÂN TUYẾT LÊ","Nóng ruột, táo bón","Mỗi lần dùng 10gr hạnh nhân, 1 quả tuyết lê, 30 - 50gr đường trắng, 1/2 bát nước. Hấp cách thủy 1 tiếng. Ăn cả nước, lẫn cái.","Thanh nhiệt, thông đại tiện.","","","","",""
19,"CHỮA TÁO BÓN","CHÁO KHOAI MÔN","Táo bón phân khô","Mỗi lần dùng 50gr gạo, 250gr khoai môn (bóc vỏ, thái lát). Cho nước vừa đủ, nấu thành cháo. Khi ăn cho vào 1 ít dầu ăn, muối.","Nhuận tràng, thông đại tiện, khỏi táo bón.","","","","",""
20,"CHỮA VIÊM DẠ DÀY CẤP TÍNH","GỪNG KHÔ, CHÈ XANH","Viêm dạ dày, ruột cấp tính dạng hàn thấp (nôn mửa liên tục, ỉa ít phân không thối, bụng trướng muốn nén xuống, bựa lưỡi trắng nhầy).","Chè xanh, gừng khô mỗi thứ 2gr. Hãm trong nước sôi 15 phút. Uống nhiều lần trong ngày.","Trừ lạnh, giảm đau, bổ trung ích khí, giải khát, trừ tả, trừ đau bụng, vừa thổ vừa tả, viêm dạ dày, viêm ruột cấp.","Những người máu nhiệt, bựa lưỡi vàng không được dùng bài thuốc này.","","","",""
20,"CHỮA VIÊM DẠ DÀY CẤP TÍNH","CHÁO GẠO NẾP, GỪNG","Viêm dạ dày, viêm ruột cấp tính dạng hàn thấp (bệnh trạng như trên)","Gừng thái nhỏ 30gr, nước 50ml sắc lấy nước, bỏ bã. Cho 60gr gạo nếp vào nấu thành cháo.","Trừ tả, giảm lạnh, khỏi nôn mửa, đi ỉa lỏng, bụng đau quặn.","Những người phát sốt, ỉa ra máu, lỗ đít nóng rát không được uống thuốc này.","","","",""
20,"CHỮA VIÊM DẠ DÀY CẤP TÍNH","ĐẬU BẠCH BIỂN, LÁ HOẮC HƯƠNG","Viêm ruột, viêm dạ dày cấp tính hàn thấp (bệnh trạng như trên)","Đậu bạch biển 60gr rang chín, xay thành bột, lá hoắc hương 60gr sao khô tán nhỏ. Trộn đều. Mỗi lần uống 10gr; mỗi ngày 4 - 5 lần, uống với nước gừng.","Kiện tỳ, hòa trung, trừ thấp, trừ tả. Những người bị nôn mửa liên miên, đau bụng đi ỉa, viêm ruột, viêm dạ dày cấp vào mùa hè dùng rất có hiệu nghiệm.","Những người đi ỉa máu nóng không dùng được.","","","",""
20,"CHỮA VIÊM DẠ DÀY CẤP TÍNH","RAU DỀN, ĐẬU XANH","Viêm dạ dày cấp, dạng thấp nhiệt (bệnh trạng: đi ỉa nhiều lần, phân lỏng, đục, mùi hôi; hậu môn nóng rát; nước tiểu ít, đỏ; miệng khát, tim hồi hộp, bựa lưỡi vàng, sốt cao, mạch nhanh).","Rau dền tươi 120gr (khô 60gr), đậu xanh 60gr. Ninh nhừ. Mỗi ngày ăn 1 -2 lần, ăn liên tục trong 3 ngày.","Diệt vi khuẩn, thanh nhiệt, giải độc, ngừng đi ỉa.","Bài thuốc để trị bệnh tả nhiệt, kiết lỵ đi ra máu rất có hiệu quả. Những người đi tả do tỳ hư, kiết lỵ vì lạnh không dùng được thuốc này.","","","",""
20,"CHỮA VIÊM DẠ DÀY CẤP TÍNH","XA TIỀN TỬ","Viêm ruột, viêm dạ dày cấp tính dạng thấp nhiệt (bệnh trạng như trên)","Xa tiền tử 30gr (gói trong túi vải), cho vào 500ml nước, sắc lấy 300ml, bỏ bã, cho gạo tẻ vào nấu thành cháo. Chia làm 2 phần ăn nóng.","Thanh nhiệt, trừ tả, trừ thấp. Bài thuốc này thích hợp trị bệnh đái khó, viêm đường tiết niệu, viêm bàng quang, viêm khí quản, ho nhiều đờm.","","","","",""
20,"CHỮA VIÊM DẠ DÀY CẤP TÍNH","GỪNG TƯƠI, HOÀNG LIÊN","Viêm ruột, viêm dạ dày cấp tính dạng thấp nhiệt (bệnh trạng như trên)","Gừng tươi 120gr, ép lấy nước; hoàng liên 30gr, nghiền nhỏ. Đun nhỏ lửa, quấy đều cho đến khi khô là được. Mỗi lần ăn 6gr, uống với nước chè xanh, mỗi ngày 3 lần.","Thanh nhiệt, trừ khuẩn, trừ tả, vừa thổ vừa tả.","","","","",""
20,"CHỮA VIÊM DẠ DÀY CẤP TÍNH","HOA MỘC MIÊN, NƯỚC ĐƯỜNG","Viêm ruột đi ỉa cấp tính.","Mỗi lần dùng 30 - 50gr hoa mộc miên, đường trắng vừa đủ. Cho vào 2 bát nước, sắc lấy 1 bát, bỏ bã, uống nước.","Thanh nhiệt, tiêu viêm, trừ tả.","","","","",""
20,"CHỮA VIÊM DẠ DÀY CẤP TÍNH","CHANH ƯỚP MUỐI","Đi tả viêm ruột cấp tính.","- Lấy quả chanh luộc chín, bỏ vỏ, phơi khô; cho vào ướp với muối. Để lâu càng tốt. Mỗi lần dùng 1 quả hòa vào 1 bát nước sôi, bỏ bã, uống nước.","Mát dạ, tiêu viêm.","","","","",""
20,"CHỮA VIÊM DẠ DÀY CẤP TÍNH","HOA TRỨNG GÀ","Đi tả viêm ruột cấp tính.","Mỗi lần dùng 30gr hoa trứng gà khô, đường trắng vừa đủ. Cho vào 2 bát rưỡi nước, sắc lấy 1 bát. Bỏ bã, uống nước.","Thanh nhiệt, giải độc, trừ tả.","","","","",""
20,"CHỮA VIÊM DẠ DÀY CẤP TÍNH","CHÁO RAU DỀN","Phòng bệnh viêm ruột, viêm dạ dày.","Gạo tẻ 200gr, rau dền tươi 100gr, thái nhỏ, nước vừa đủ, đun nhỏ lửa, nấu thành cháo.","Bổ tỳ, bổ dạ dày, giải độc. Phòng viêm ruột, tả lỵ.","","","","",""
21,"CHỮA VIÊM RUỘT, VIÊM DẠ DÀY MẠN TÍNH","CHÁO GẠO SƠN DƯỢC","Viêm ruột, viêm dạ dày mạn tính do tỳ vị hư nhược (bệnh trạng: đi ỉa phân lỏng, ăn ít, thần kinh mệt mỏi, bụng trướng khó chịu, tiêu hóa không tốt, da vàng, chân phù thũng, nhạt miệng, mạch nhu).","Sơn dược tươi 120gr (khô 60gr), gạo tẻ 100gr. Nấu thành cháo. Ăn vào lúc sáng và chiều.","Bổ tỳ, trừ tả. Chữa trị chứng tỳ hư, ỉa chảy, kiết lỵ mạn tính rất công hiệu. Bốn mùa đều dùng được.","","","","",""
21,"CHỮA VIÊM RUỘT, VIÊM DẠ DÀY MẠN TÍNH","CHÁO NHÂN SÂM GẠO NẾP","Viêm ruột, viêm dạ dày mạn tính do tỳ vị hư nhược (bệnh trạng như trên)","Nhân sâm 5gr (nếu dùng đẳng sâm thì cần 15gr), gạo tẻ 100gr. Nấu thành cháo, cho vào 1 ít đường. Ăn vào lúc sáng, chiều.","Tăng cường nguyên khí, trừ tả.","Những người âm suy dương thịnh, bốc hỏa, nóng trong không dùng bài thuốc này.","","","",""
21,"CHỮA VIÊM RUỘT, VIÊM DẠ DÀY MẠN TÍNH","CHÁO TÁO TÀU, GẠO TẺ","Viêm ruột, viêm dạ dày mạn tính do tỳ vị hư nhược (bệnh trạng như trên)","Dùng 15 quả táo, ngâm trong nước 1 tiếng, gạo tẻ 60gr. Đem nấu thành cháo. Ăn vào buổi sáng, chiều.","An tim, bổ tỳ, bổ vị, tăng cường khí huyết.","Những người đờm quá nhiều không dùng được.","","","",""
21,"CHỮA VIÊM RUỘT, VIÊM DẠ DÀY MẠN TÍNH","CHÁO SƠN DƯỢC, THỊT DÊ","Viêm ruột, viêm dạ dày do tỳ, thận, dương hư (bệnh trạng: đi ỉa phân lỏng, ỉa liên tục, chữa lâu không khỏi, tâm thần, thể lực mệt mỏi, tứ chi giá lạnh, ỉa phân sống, bựa lưỡi trắng, nhạt miệng, mạch trầm).","Thịt dê 250gr, sơn dược 500gr, gạo nếp 250gr. Nước vừa đủ. Ninh nhừ thành cháo. Ăn nóng. Ăn vào buổi sáng, chiều.","Bổ tỳ, trừ tả, bổ khí, ấm dạ.","Bài thuốc này vị ôn, những người âm hư dương vượng không nên dùng.","","","",""
21,"CHỮA VIÊM RUỘT, VIÊM DẠ DÀY MẠN TÍNH","CHÁO HẠT SEN, KHIẾM THỰC","Viêm dạ dày, viêm ruột mạn tính dạng tỳ, thận, dương hư (bệnh trạng như trên)","Hạt sen 30gr, ngâm trong nước nóng 2 tiếng, quả khiếm thực 60gr. Nước vừa đủ, nấu thành cháo cho vào 1 ít đường. Hàng ngày ăn vào 2 buổi sáng chiều lúc đói.","Bổ tỳ, trừ tả. Còn có tác dụng trừ tả lâu ngày chưa khỏi do tỳ, thận đều hư, mộng tinh di tinh. Dùng được quanh năm, không phải kiêng kỵ gì.","","","","",""
21,"CHỮA VIÊM RUỘT, VIÊM DẠ DÀY MẠN TÍNH","QUẢ PHẬT THỦ NẤU CHÁO GẠO TẺ","Viêm dạ dày mạn tính do khí huyết kém lưu thông, loét dạ dày, vùng liên sườn, sau bữa ăn rất đau, ợ chua, bựa lưỡi trắng, mỏng, đắng miệng, mạch huyền, thở hơi nóng, khò khè, miệng đắng, lưỡi vàng, khí huyết kém lưu thông, gây đau nhói, lưỡi tím sẫm, ỉa ra máu hoặc thổ huyết, phân đen).","Phật thủ 15gr, nấu lấy nước, bỏ bã. Lấy 100gr gạo tẻ, một ít đường phèn, nấu thành cháo. Cháo chín, cho nước phật thủ vào. Mỗi ngày ăn 2 - 3 lần.","Chữa khỏi đau vùng khoang dạ dày, đầy hơi, buồn nôn.","","","","",""
21,"CHỮA VIÊM RUỘT, VIÊM DẠ DÀY MẠN TÍNH","MAI CÁ MỰC","Viêm dạ dày mạn tính do khí huyết kém lưu thông, loét dạ dày tá tràng (bệnh trạng như trên).","Mai cá mực 500gr, tán thành bột; hãm nước sôi uống. Uống trước bữa ăn, mỗi lần 6gr, mỗi ngày 3 lần.","Hết ợ chua, giảm đau, cầm máu. Chữa loét dạ dày, tá tràng rất có hiệu quả.","Những người viêm dạ dày, nhưng ít ợ chua, không nên dùng.","","","",""
21,"CHỮA VIÊM RUỘT, VIÊM DẠ DÀY MẠN TÍNH","SÒ BIỂN","Viêm dạ dày mạn tính do khí huyết lưu thông loét dạ dày, tá tràng (bệnh trạng như trên).","Sò biển 500gr, sấy khô, tán nhỏ. Mỗi lần uống 2 gr, uống với nước cháo, nước cơm.","Chữa đau dạ dày, ợ chua.","Người mắc chứng tỳ vị hư hàn không nên dùng.","","","",""
21,"CHỮA VIÊM RUỘT, VIÊM DẠ DÀY MẠN TÍNH","TAM THẤT HẦM THỊT LỢN NẠC","Vị toan quá nhiều, sa dạ dày, u nhọt trong dạ dày, đau ngày đêm không ngừng, đau thần kinh dạ dày, tiêu hóa khó, trướng bụng.","Mỗi lần dùng 4 gr tam thất, tán nhỏ, 200 gr thịt lợn nạc, thái miếng. Dùng dầu lạc, tỏi muối xào chín thịt, cho thịt vào bát, rắc bột tam thất lên trên. Hấp chín. Ăn vào 2 bữa cơm. Cách ngày ăn 1 lần. Những người đau nhẹ, điều trị 3 - 5 lần sẽ khỏi. Người bệnh nặng, điều trị trên 10 lần sẽ có hiệu quả.","","","","","",""
21,"CHỮA VIÊM RUỘT, VIÊM DẠ DÀY MẠN TÍNH","GỪNG TƯƠI, TÁO TÀU","Viêm dạ dày mạn tính do hư hàn; loét dạ dày, loét tá tràng (bệnh trạng: vùng dạ dày đau âm ỉ, muốn chườm nóng, đau bụng lúc đói, ăn xong giảm đau, ỉa phân lỏng, chân tay giá lạnh, tinh thần mệt mỏi, nhạt miệng).","Gừng tươi 5 lát, táo 5 quả, bán hạ 6 gr. Sắc lấy nước uống.","Khỏi đau dạ dày, buồn nôn, nôn mửa.","Những người có tiền sử thổ huyết, khạc ra máu không dùng bài thuốc này.","","","",""
21,"CHỮA VIÊM RUỘT, VIÊM DẠ DÀY MẠN TÍNH","HỒ TIÊU TRẮNG HẦM DẠ DÀY LỢN","Viêm dạ dày mạn tính dạng hư hàn, loét dạ dày, tá tràng (bệnh trạng như trên).","Hồ tiêu trắng 15 gr, nghiền nhỏ. Dạ dày 1 chiếc rửa sạch. Cho bột hồ tiêu vào trong dạ dày, đun nhỏ lửa, ninh nhừ, cho vào 1 ít muối ăn. Ăn vào 2 bữa cơm.","Chữa viêm dạ dày dạng hư hàn.","Những người thổ huyết không nên dùng.","","","",""
21,"CHỮA VIÊM RUỘT, VIÊM DẠ DÀY MẠN TÍNH","Ô MAI","Viêm dạ dày mạn tính dạng vị âm hư, loét dạ dày, tá tràng (bệnh trạng như trên).","Ô mai 2500 gr, ninh nhừ, bỏ hạt. Đun nhỏ lửa, cô đặc nước ô mai thành cao, cho 1 ít đường mạch nha vào quấy đều. Mỗi ngày ăn 3 lần, mỗi lần 10 ml. Ăn trước bữa cơm.","Thích hợp với những người ít ợ chua, âm vị hư; những người ợ chua nhiều, không được dùng.","","","","",""
21,"CHỮA VIÊM RUỘT, VIÊM DẠ DÀY MẠN TÍNH","QUẢ VẢI, SƠN DƯỢC...","Viêm dạ dày, viêm ruột mạn tính do tỳ, thận, dương đều hư. (bệnh trạng như trên).","Cùi quả vải khô 50 gr, sơn dược, hạt sen, mỗi thứ 20 gr, trộn đều. Cho vào 100 gr gạo tẻ, nấu thành cháo.","Bổ thận, đau bụng đi ỉa.","","","","",""
21,"CHỮA VIÊM RUỘT, VIÊM DẠ DÀY MẠN TÍNH","BỔ CỐT CHỈ HOÀN","Viêm dạ dày, ruột mạn tính do tỳ thận dương hư. (bệnh trạng như trên).","Bổ cốt chỉ 120 gr, tán thành bột, thảo quả 60 gr (quả tươi, xay thành bột), táo 50 quả, gừng tươi 120 gr, thái lát. Trước hết đem gừng, táo ninh nhừ, vớt bỏ gừng đi. Trộn táo, bổ cốt chỉ, thảo quả, vê thành viên. Mỗi lần ăn 50 viên với nước ấm. Ăn vào buổi sáng, chiều.","Trừ tả, ôn tỳ, bổ thận, dương, chữa trị chứng đi ỉa liên miên do tỳ, thận, dương hư.","Những người âm suy dương thịnh không dùng bài thuốc này.","","","",""
21,"CHỮA VIÊM RUỘT, VIÊM DẠ DÀY MẠN TÍNH","TRỨNG VỊT, GIẤM CHUA","Viêm dạ dày, viêm ruột mạn tính.","Trứng vịt 1 - 2 quả, giấm chua 250 gr. Nấu chín kỹ. Ăn trứng, uống nước giấm.","","","","","",""
21,"CHỮA VIÊM RUỘT, VIÊM DẠ DÀY MẠN TÍNH","BẠCH TRUẬT, MÀNG MỀ GÀ","Viêm dạ dày, viêm ruột mạn tính.","Sao vàng màng mề gà, bạch truật mỗi thứ 150 gr, tán bột. Mỗi ngày uống 2 lần, mỗi lần 10 gr, uống với nước sôi, uống trước bữa ăn.","","","","","",""
21,"CHỮA VIÊM RUỘT, VIÊM DẠ DÀY MẠN TÍNH","BỘT GẠO TẺ, NƯỚC GỪNG","Viêm dạ dày, viêm ruột mạn tính.","Cho gạo tẻ vào chảo, rang kỹ, tán thành bột, mỗi lần uống 5 gr với nước gừng nóng, uống trước bữa ăn.","Bổ tỳ, bổ vị, tiêu viêm, trừ tả.","","","","",""
21,"CHỮA VIÊM RUỘT, VIÊM DẠ DÀY MẠN TÍNH","CHÁO ĐẬU TẰM ĐƯỜNG","Viêm thận, phù thũng.","Đậu tằm 120 gr (bỏ vỏ), đường đỏ 90 gr. Nước vừa đủ, nấu thành cháo. Có thể ăn vào 2 bữa cơm.","Bổ tỳ, tiêu phù, lợi thấp.","","","","",""
21,"CHỮA VIÊM RUỘT, VIÊM DẠ DÀY MẠN TÍNH","SA SÂM, MẠCH MÔN ĐÔNG...","Viêm dạ dày, viêm ruột mạn tính do âm hư.","Dùng Bắc sa sâm, mạch môn đông, thạch hộc, ô mai mỗi thứ 15 gr. Sắc lấy nước uống thường xuyên.","","","","","",""
21,"CHỮA VIÊM RUỘT, VIÊM DẠ DÀY MẠN TÍNH","HOÀNG KỲ","Viêm dạ dày, viêm ruột mạn tính do hư hàn.","Hoàng kỳ 30 gr, quế 6 gr, cam thảo 9 gr. Sắc uống hàng ngày.","Bổ tỳ, mát dạ, tiêu viêm, trừ tả.","","","","",""
21,"CHỮA VIÊM RUỘT, VIÊM DẠ DÀY MẠN TÍNH","ĐU ĐỦ, GỪNG SỐNG, GIẤM","Viêm dạ dày, viêm ruột mạn tính do thiếu vị toan mà sinh ra.","Mỗi lần dùng khoảng 500 gr đu đủ, 30 gr gừng sống, 500 ml giấm. Nấu chín. Ăn vài lần sẽ có công hiệu.","Ấm dạ, trừ tả.","","","","",""
22,"CHỮA CHỨNG ĂN VÀO MUỐN NÔN RA","NƯỚC MÍA, NƯỚC NGÓ SEN...","Ăn vào muốn nôn ra, miệng khô, ngán ăn.","Nước mía, nước ngó sen, nước mã thầy, nước lá hẹ mỗi thứ 1 cốc nhỏ. Cho vào 100 gr đường. Nấu sôi, uống nóng.","Mát dạ, ăn uống dễ tiêu.","","","","",""
22,"CHỮA CHỨNG ĂN VÀO MUỐN NÔN RA","NƯỚC MÍA, MẬT ONG","Ăn vào nôn ra, nóng dạ, đắng miệng, không muốn ăn.","Nước mía 50 ml, mật ong 30 gr. Quấy đều. Uống mỗi ngày 1 lần, uống lúc đói lúc sáng sớm.","Mát dạ, dễ tiêu hóa.","","","","",""
22,"CHỮA CHỨNG ĂN VÀO MUỐN NÔN RA","NƯỚC LÁ HẸ, NƯỚC GỪNG, SỮA BÒ","Ăn vào muốn nôn ra, nghẹn canh, lạnh bụng.","Mỗi lần dùng 2 thìa nước lá hẹ, 1 thìa nước gừng tươi và sữa bò tươi 250 ml. Hấp cách thủy. Uống trước bữa ăn.","Trừ lạnh, khỏi nôn.","","","","",""
22,"CHỮA CHỨNG ĂN VÀO MUỐN NÔN RA","ĐINH HƯƠNG, TUYẾT LÊ","Ăn vào muốn nôn ra.","Mỗi lần dùng 1 quả tuyết lê, bỏ hạt, cho 10- 15 hạt đinh hương vào trong quả lê. Lấy giấy bản thấm nước gói bọc 4 - 5 lớp. Đốt nhỏ lửa nướng cháy hết giấy là ăn được.","Mát dạ, hết nôn.","","","","",""
23,"CHỮA TỲ, VỊ HƯ NHƯỢC","CHÁO GẠO, CÀ RỐT","Tỳ vị hư nhược.","Lấy cà rốt, gạo tẻ lượng vừa đủ, nấu thành cháo.","Kiện tỳ, ấm dạ.","","","","",""
23,"CHỮA TỲ, VỊ HƯ NHƯỢC","CƠM NƯỚC GỪNG, THỊT BÒ","Tỳ, vị hư nhược sau khi ốm.","Dùng 100 - 150 gr thịt bò tươi, thái nhỏ, băm nát. Cho vào 20 - 40 giọt nước gừng, một ít tương, dầu lạc, đảo đều. Khi nồi cơm sôi, nước cạn, đặt thịt hấp trên mặt nồi cơm. Khi chín, ăn thịt bò với cơm.","Bổ tỳ, bổ vị.","","","","",""
23,"CHỮA TỲ, VỊ HƯ NHƯỢC","THỊT BÒ HỒ TIÊU","Tỳ, vị hư hàn, không muốn ăn.","Thịt bò 1500 gr, hồ tiêu, sa nhân, trần bì, vỏ quế mỗi thứ 3 gr, gừng tươi 15 gr và một ít hành, muối. Nấu chín kỹ. Ăn mỗi ngày 2 lần, mỗi lần 100 gr.","Mạnh tỳ, bổ vị, trừ hư hàn, kích thích tiêu hóa.","","","","",""
23,"CHỮA TỲ, VỊ HƯ NHƯỢC","CHÁO GẠO NẾP, TIỂU MẠCH","Trẻ em tỳ vị hư nhược, người lớn trung khí hư nhược.","Mỗi lần dùng khoảng 50 gr gạo nếp, 60 gr tiểu mạch. Nấu thành cháo, cho vào cháo một ít đường.","Kiện tỳ vị, tăng cường khí huyết.","","","","",""
24,"CHỮA LÁ LÁCH PHÙ THŨNG","ĐỈA, ĐAN SÂM","Sưng lá lách","Đỉa 3- 6 gr, đan sâm 30 gr. Sắc kỹ, lấy nước uống. Hoặc đem đỉa sấy khô, tán thành bột. Mỗi lần uống 1 - 1,5 gr, mỗi ngày 2 lần. Còn có thể dùng điều trị chứng tiểu cầu tăng nhiều sau khi mổ lá lách.","","","","","",""
24,"CHỮA LÁ LÁCH PHÙ THŨNG","BỘT VẨY TÊ TÊ","Sưng lá lách.","Dùng 1 quả trứng vịt vỏ trắng, 5 gr bột vẩy tê tê. Đục 1 lỗ nhỏ ở đầu quả trứng vịt, cho bột tê tê vào trong quả trứng, lấy giấy bịt kín lỗ thủng, nướng chín trứng. Mỗi ngày, ăn 1 quả trứng vào lúc sáng sớm. Điều trị liên tục 7 - 10 ngày.","","","","","",""
24,"CHỮA LÁ LÁCH PHÙ THŨNG","TIẾT NGỖNG HÒA VỚI RƯỢU","Sưng lá lách.","Lấy 1/2 cốc tiết ngỗng, cho vào rượu đun sôi, uống nóng.","Có thể chữa khỏi sưng gan, lá lách, tiêu báng nước.","","","","",""
25,"CHỮA BỆNH LỴ A-MÍP","CAO VỎ LỰU, MẬT ONG","Bệnh lỵ a-míp (bệnh trạng: bụng đau từng cơn, đi ỉa liên tục, phân trắng, hồng, ngực cồn cào, miệng khô, khát nước, bựa lưỡi vàng, mạch nhu).","Vỏ lựu tươi 1000 gr (khô 500 gr), thái nhỏ. Sắc kỹ lấy nước (sắc 2 nước), bỏ bã. Tiếp tục đun nhỏ lửa cô đặc nước vỏ lựu, sau đó cho vào 300 ml mật ong, quấy đều. Để nguội, cho cao lựu vào lọ. Mỗi lần uống 10 ml với nước sôi. Mỗi ngày uống 3 lần.","Chữa lỵ a-míp.","Người mắc chứng viêm dạ dày mạn tính không được dùng bài thuốc này.","","","",""
25,"CHỮA BỆNH LỴ A-MÍP","CANH ĐẬU XANH, RAU DỀN","Lỵ a-míp thấp nhiệt (bệnh trạng như trên).","Rau dền phải tươi 120 gr, đậu xanh 60 gr; cho nước vào sắc lấy 500 ml nước. Mỗi ngày uống 2 lần.","Thanh nhiệt, giải độc, diệt khuẩn, trừ lỵ. Chữa viêm mật cũng có hiệu quả.","Những người đi ỉa chảy do thấp, hàn không được uống.","","","",""
25,"CHỮA BỆNH LỴ A-MÍP","NƯỚC CHÈ XANH PHA GIẤM CHUA","Lỵ a-míp do thấp, nhiệt (bệnh trạng như trên).","Chè xanh 100 gr, cho nước vào sắc lấy 300 ml, mỗi lần uống 100 ml pha vào 100 ml giấm chua. Uống lúc còn nóng. Mỗi ngày uống 3 lần.","Thanh nhiệt, giải độc, bệnh lỵ có phần trắng (bệnh lỵ trắng) thì uống với nước gừng, bệnh lỵ có máu (xích lỵ) thì uống với nước cam thảo. Mỗi ngày uống 3 lần, đến khi khỏi bệnh, uống tiếp 3 lần nữa mới thôi.","Những người mắc bệnh lỵ kéo dài hư hàn không được dùng. Những người có chứng mất ngủ, buổi chiều không nên uống.","","","",""
25,"CHỮA BỆNH LỴ A-MÍP","NƯỚC RAU DỀN DẠI PHA ĐƯỜNG","Lỵ a-míp thấp nhiệt (bệnh trạng như trên).","Rau dền dại tươi (cả cây) 500 gr, rửa sạch, lấy nước, pha ít đường trắng. Mỗi lần uống 200 ml, mỗi ngày uống 3 lần.","Thanh nhiệt, giải độc, diệt khuẩn, tiêu viêm, cầm máu, khỏi đi lỵ. Chữa chứng lỵ a-míp do vi khuẩn cũng có hiệu quả.","Những người đi tả hư hàn không được dùng.","","","",""
25,"CHỮA BỆNH LỴ A-MÍP","CHÁO GẠO TẺ, RAU DỀN TÍA","Bệnh lỵ a-míp do thấp nhiệt (bệnh trạng như trên).","Rau dền tía tươi 100 gr, bỏ rễ, rửa sạch, thái nhỏ, cho vào 100 gr gạo tẻ, nấu thành cháo. Mỗi ngày ăn 2 lần vào buổi sáng và chiều. Lỵ trắng dùng rau dền trắng, lỵ đỏ (xích lỵ) dùng rau dền đỏ (tía). Qua thực nghiệm lâm sàng, có hiệu quả rõ. Những người già viêm ruột mắc chứng lỵ a-míp cấp cũng dùng bài thuốc này có hiệu nghiệm.","","Những người đi ỉa chảy tỳ vị hư hàn không được dùng bài thuốc này.","","","",""
25,"CHỮA BỆNH LỴ A-MÍP","CHIM SÁO ĐÁ, NGÂN HOA...","Lỵ a-míp do nhiễm dịch. (Bệnh trạng: Bệnh phát rất nhanh ra máu mủ lẫn lộn, hoặc hoàn toàn máu tươi, sốt cao, hoặc buồn ngủ, hôn mê, bựa lưỡi vàng, nhầy, lưỡi đỏ, mạch mạnh).","Thịt chim sáo đá 500 gr, ngân hoa, hoa mộc quyên mỗi thứ 30 gr. Cho nước vào sắc lấy 200 ml nước, cho vào 30 gr đường trắng. Uống nóng. Mỗi ngày uống 3 lần.","Chữa bệnh lỵ do nhiễm trùng dịch độc, lỵ dạng thấp nhiệt.","Những người mắc bệnh lỵ a-míp dạng hư hàn không được uống bài thuốc này.","","","",""
25,"CHỮA BỆNH LỴ A-MÍP","RAU DỀN, NGÓ SEN","Bệnh lỵ a-míp (bệnh trạng như trên).","Rau dền tươi, ngó sen tươi mỗi thứ 500 gr, giã nát, vắt lấy nước, pha với ít đường trắng. Mỗi lần uống 200 ml, mỗi ngày uống 3 lần.","Thanh nhiệt, giải độc, mát máu, khỏi lỵ.","Những người mắc chứng đi tả, tỳ hư không được dùng.","","","",""
25,"CHỮA BỆNH LỴ A-MÍP","LONG NHÃN, NHA ĐẢM TỬ","Bệnh lỵ a-míp (bệnh trạng: tả lỵ khi nặng khi nhẹ, trong phân có máu mủ lẫn lộn, nhiều mùi hôi thối. Sắc mặt nhợt nhạt, tinh thần mệt mỏi, bựa lưỡi trắng, nhạt miệng, mạch vi nhược, vi khuẩn sống dai, trị lâu không khỏi).","10 hạt nha đảm tử, nghiền thành bột, ăn với long nhãn, mỗi ngày 3 lần.","Diệt khuẩn, trừ tả, giải độc, mát máu, bổ tỳ, yên tim. Thường ăn sau bữa cơm.","Không kéo dài thời gian điều trị.","","","",""
25,"CHỮA BỆNH LỴ A-MÍP","CHÁO GẠO NẾP, TỎI","Bệnh lỵ a-míp, hư hàn (bệnh trạng: mắc đi mắc lại kéo dài, phân dính sền sệt màu vàng trắng hoặc đỏ sẫm, bụng đau âm ỉ, chân tay giá lạnh, biếng ăn, thần kinh mệt mỏi, da mặt nhợt nhạt, nhạt miệng, bựa lưỡi trắng, mạch hư nhược).","Dùng 30 gr củ tỏi to loại vỏ đỏ (bóc bỏ vỏ), cho vào nước sôi đảo qua, vớt ra. Lấy 100 gr gạo nếp nấu thành cháo. Cho tỏi vào cháo, ninh nhừ. Ăn cháo vào 2 buổi sáng, tối.","Bổ, ấm dạ dày, diệt khuẩn, trừ tả. Phù hợp với căn bệnh lỵ cấp tính, mạn tính của người già. Những người mắc bệnh lao phổi, huyết áp cao, xơ cứng động mạch cũng dùng được bài thuốc này.","","","","",""
25,"CHỮA BỆNH LỴ A-MÍP","HOÀNG KỲ, Ô MAI","Bệnh lỵ a-míp dạng hư hàn (bệnh trạng như trên).","Hoàng kỳ, ô mai mỗi thứ 200 gr cho vào 1000 ml nước, sắc lấy 500 ml, cho vào 250 gr đường đỏ, quấy đều. Mỗi lần uống 20 ml, mỗi ngày 2 lần.","Bổ khí huyết, bổ tỳ, diệt khuẩn, trừ tả.","Những người bị ngoại cảm không được dùng.","","","",""
25,"CHỮA BỆNH LỴ A-MÍP","NƯỚC TỎI, HÒA VỚI ĐƯỜNG","Bệnh lỵ a-míp.","Lấy 2 củ tỏi to, giã nát, ngâm vào nước sôi trong nửa ngày, lọc lấy nước, pha vào ít đường trắng hoặc đường đỏ.","Bổ tỳ, khai vị, giải độc, trừ tả.","","","","",""
25,"CHỮA BỆNH LỴ A-MÍP","VỊT HẦM VỚI GỪNG TƯƠI","Bệnh lỵ a-míp","Lấy 1 con vịt đực, đầu đen xanh, làm sạch lông, rửa sạch, cho vào 1 ít muối, gừng ninh nhừ, vớt bỏ váng mỡ. Ăn thịt, uống nước.","Bổ dưỡng dạ dày, bổ âm, giải độc, trừ tả.","","","","",""
25,"CHỮA BỆNH LỴ A-MÍP","LƯƠN, RƯỢU NẾP","Bệnh lỵ a-míp","Lươn bỏ mật, chặt nhỏ, sao khô tán bột. Mỗi ngày uống 9 gr hòa với rượu hâm nóng, có thể pha 1 ít đường.","Giải độc, trừ tả.","","","","",""
25,"CHỮA BỆNH LỴ A-MÍP","ỐC","Bệnh kiết lỵ","Ốc phơi khô, sao cháy, sắc lấy nước uống. Mỗi ngày uống 3 lần, mỗi lần 15 gr. Điều trị liên tục một số ngày.","Diệt khuẩn, trừ tả.","","","","",""
25,"CHỮA BỆNH LỴ A-MÍP","NƯỚC NHO, GỪNG, MẬT ONG","Bệnh lỵ a-míp, lỵ do vi khuẩn (bệnh trạng: đau bụng, trước nhẹ sau nặng, phân lẫn máu mủ).","Nho tươi, gừng tươi rửa sạch, giã nát vắt lấy nước, pha 1 cốc nước chè xanh đặc, cho vào nước chè 50 ml nước nho, 50 ml nước gừng, một ít mật ong. Quấy đều, đun sôi lên uống nóng.","Khử thấp, thông khí, diệt khuẩn, trừ tả.","","","","",""
25,"CHỮA BỆNH LỴ A-MÍP","CHÁO HẠT SEN, GỪNG TƯƠI","Bệnh lỵ, biếng ăn.","Lấy 100 gr hạt sen, bóc bỏ vỏ, 25 gr gừng tươi. Cho nước vừa đủ, nấu thành cháo hạt sen, gừng.","Kích thích tiêu hóa, trừ tả.","","","","",""
25,"CHỮA BỆNH LỴ A-MÍP","VỎ LỰU, HỒ TIÊU, ĐƯỜNG ĐỎ","Bệnh kiết lỵ, phân có lẫn máu, dính nhầy.","Lá lựu (hoặc vỏ quả lựu) 15 gr, hồ tiêu 3 hạt, đường đỏ 50 gr. Dùng 1 bát nước cho vỏ lựu, hồ tiêu vào sắc lấy 1/2 bát, nước vớt bỏ bã, cho đường vào quấy đều.","Diệt khuẩn, trừ tả.","","","","",""
25,"CHỮA BỆNH LỴ A-MÍP","ĐẬU XANH, GẠO NẾP, RUỘT LỢN","Kiết lỵ thấp nhiệt, phân có lẫn máu.","Dùng 1 đoạn ruột lợn, tỉ lệ 2 phần đậu xanh, 1 phần gạo nếp (tùy theo đoạn ruột to hay nhỏ mà định liệu lượng gạo, đậu). Ruột lợn rửa sạch, đậu xanh, gạo nếp ngâm nước, sau đó cho gạo, đậu vào trong khúc ruột, buộc chặt 2 đầu. Cho vào nước sôi, ninh trong 2 tiếng. Ăn nóng.","Giải độc, cầm máu, trừ tả.","","","","",""
25,"CHỮA BỆNH LỴ A-MÍP","TRỨNG GÀ, GIẤM CHUA","Bệnh kiết lỵ.","Lấy 2 quả trứng gà 100 gr giấm. Hấp cách thủy, bỏ giấm, ăn trứng, ăn hết trong 1 lần, mỗi ngày ăn 2 - 3 lần, ăn liên tục nhiều ngày sẽ thấy kết quả.","Giải độc, trừ tả.","","","","",""
25,"CHỮA BỆNH LỴ A-MÍP","NƯỚC CỦ CẢI, GỪNG, CHÈ XANH, MẬT ONG","Kiết lỵ, đau bụng, ỉa liên tục, phân ít; trong phân lẫn máu, mủ.","Dùng 150 gr nước củ cải, 25 gr nước gừng, 50 gr mật ong, 1 cốc nước chè xanh. Hòa với nhau, quấy đều, đun sôi. Uống hết 1 lần.","Giải độc, trừ tả.","","","","",""
25,"CHỮA BỆNH LỴ A-MÍP","RAU HOA CÚC, ĐƯỜNG ĐỎ","Kiết lỵ, ỉa ra máu, đau bụng.","Rau hoa cúc 50 gr, đường đỏ 100 gr, sắc lấy nước uống.","Trừ tả, cầm máu, giảm đau.","","","","",""
25,"CHỮA BỆNH LỴ A-MÍP","TỎI, ĐƯỜNG TRẮNG","Kiết lỵ.","Mỗi lần dùng 3 củ tỏi to, giã nát, lỵ ra máu dùng đường đỏ, lỵ ra mủ dùng đường trắng. Hòa với nước sôi uống.","Giải độc, trừ tả.","","","","",""
25,"CHỮA BỆNH LỴ A-MÍP","HẠ KHÔ THẢO, THỊT LỢN NẠC","Bệnh kiết lỵ","Hạ khô thảo 6 - 24 gr, thịt lợn nạc 30 gr. Ninh nhừ, lấy nước uống. Thường điều trị 2 - 3 lần sẽ có hiệu quả. Hạ khô thảo còn có thể sắc lấy nước, hòa với đường đỏ uống.","Diệt khuẩn, trừ tả.","","","","",""
25,"CHỮA BỆNH LỴ A-MÍP","ĐẬU TẰM GẠO, BÁCH THẢO SƯƠNG","Bệnh kiết lỵ (giai đoạn cuối)","Trước hết đun 600gr đậu tằm sao vàng, sau đó cho 30 gr bách thảo sương, gạo và nước vừa đủ nấu thành cháo.","Bổ tỳ, trừ lỵ.","","","","",""
25,"CHỮA BỆNH LỴ A-MÍP","NƯỚC QUẢ MƯỚP ĐẲNG","Bệnh lỵ ở trẻ em","Dùng một vài quả mướp đắng ép lấy nước để uống.","Giải độc, trừ lỵ.","","","","",""
25,"CHỮA BỆNH LỴ A-MÍP","NƯỚC QUẢ MƯỚP HÒA VỚI ĐƯỜNG TRẮNG, ĐỎ","Bệnh kiết lỵ.","Lấy quả mướp, ép lấy 15 gr nước, đường đỏ, đường trắng mỗi thứ 15 gr. Hòa tan uống.","Giải độc, trừ lỵ.","","","","",""
25,"CHỮA BỆNH LỴ A-MÍP","NƯỚC CỦ CẢI, GỪNG TƯƠI","Bệnh kiết lỵ do vi khuẩn.","Nước củ cải 1 cốc, nước gừng tươi 1/2 thìa, mật ong 30gr, chè đỏ 3gr, hòa vào 1 cốc nước sôi để uống, uống liên tục 3 cốc.","Diệt khuẩn, trị lỵ.","","","","",""
25,"CHỮA BỆNH LỴ A-MÍP","ĐẦU LƯƠN, ĐƯỜNG ĐỎ, RƯỢU","Bệnh kiết lỵ.","Đầu lươn rang khô, tán nhỏ, hòa với đường đỏ, rượu uống.","Khỏi kiết lỵ, giúp tiêu hóa.","","","","",""
25,"CHỮA BỆNH LỴ A-MÍP","CÁ DIẾC, BỘT PHÈN CHUA","Bệnh kiết lỵ.","Lấy 1 con cá diếc to, mổ bụng, cho vào 15gr phèn chua, uống khô, tán nhỏ. Mỗi lần uống 15gr, uống với nước sôi.","","","","","",""
25,"CHỮA BỆNH LỴ A-MÍP","TIẾT DÊ TRỘN GIẤM CHUA","Bệnh kiết lỵ.","Tiết dê nấu chín, trộn giấm ăn sẽ có kết quả.","","","","","",""
26,"CHỮA ĐI TẢ CẤP TÍNH","GỪNG KHÔ, XA TIỀN TỬ","Đi tả cấp tính (Hàn thấp xâm nhập, tỳ vị bị tổn thương, ỉa phân lỏng, có mùi hôi, đau bụng sôi, phát sốt phát rét, bựa lưỡi trắng, mạch phù).","Dùng 3 gr gừng khô, 10 gr xa tiền tử sao vàng tán thành bột. Hòa với 1 thìa đường đỏ, nước đem đun sôi kỹ. Mỗi lần uống 1 cốc. Hoặc cho 6 gr gừng khô, 30 gr xa tiền tử đã sao vàng. Sắc lấy nước uống.","Ôn trung, trừ tả. Chữa đi ỉa lỏng do tỳ vị hư hàn, bụng sôi, phân lỏng có mùi hôi có hiệu quả.","Khi ngừng đi tả thì thôi không uống thuốc.","","","",""
26,"CHỮA ĐI TẢ CẤP TÍNH","NƯỚC CHÈ, GỪNG","Đi tả cấp tính (bệnh trạng như trên).","Chè xanh 6 gr, bột gừng khô 3 gr cho vào nước sôi, hãm trong 10 phút. Uống thay nước chè hàng ngày. Chữa viêm ruột, tả lỵ do vi khuẩn rất hiệu quả.","","","","","",""
26,"CHỮA ĐI TẢ CẤP TÍNH","THẠCH LỰU","Đi ỉa lạnh, ỉa ra toàn nước, miệng khát, môi nhợt nhạt.","Quả lựu còn xanh (chưa chín) đem phơi khô, tán thành bột. Uống với rượu, mỗi ngày uống 2 lần.","Khử hàn bổ tỳ, trừ tả.","","","","",""
26,"CHỮA ĐI TẢ CẤP TÍNH","NƯỚC CHÈ, GIẤM CHUA","Đi tả nhiệt ra nước màu vàng, bốc mùi hôi, miệng khát.","Một cốc nước chè đặc, pha vào 1 ít giấm chua uống.","Thanh nhiệt, trừ tả, khỏi khát.","","","","",""
26,"CHỮA ĐI TẢ CẤP TÍNH","NƯỚC TỎI","Đi tả không dứt.","","","","","","",""
27,"CHỮA ỈA CHẢY MẠN TÍNH","CHÁO SƠN DƯỢC, ĐƯỜNG TRẮNG","Bệnh ỉa chảy mạn tính (tỳ vị hư nhược, không muốn ăn, đi ỉa phân lỏng, nước phân có lẫn thức ăn không tiêu hóa được, mệt mỏi uể oải miệng nhạt, bựa lưỡi trắng, mạch chậm yếu).","Sơn dược khô thái lát 60 gr, nghiền nát, cho vào nước, quấy đều, nấu thành cháo. Cho vào cháo 1 ít đường trắng. Mỗi ngày ăn 2 - 3 lần.","Bổ tỳ, trừ tả. Chữa trị có hiệu quả chứng tỳ vị hư nhược, ăn ít, gầy yếu, ỉa chảy mạn tính, phân lỏng.","","","","",""
27,"CHỮA ỈA CHẢY MẠN TÍNH","CHÁO GẠO NẾP, HẠT SEN","Bệnh ỉa chảy mạn tính (bệnh trạng như trên).","Hạt sen (bỏ tâm sen) 300 gr, cho vào nước sôi, ninh nhừ. Cho 500 gr gạo nếp hoặc gạo tẻ ngâm nước sôi trong 2 tiếng, vớt ra, đãi sạch, để ráo nước, trộn với hạt sen (đã ninh nhừ). Tất cả cho vào nồi chõ hấp chín. Để nguội, cắt thành miếng, rắc đường lên trên. Dùng làm món ăn điểm tâm buổi sáng, chiều.","Bổ tỳ, săn ruột, trừ tả. Người mắc chứng tỳ hư, đi tả mạn tính ăn lúc còn nóng. Ăn thường xuyên rất có hiệu quả.","","","","",""
27,"CHỮA ỈA CHẢY MẠN TÍNH","BỘT KHIẾM THỰC, PHỤC LINH, CHÁO GẠO TẺ","Bệnh ỉa chảy mạn tính (bệnh trạng như trên).","Bột khiếm thực 60 gr, bột phục linh 20 gr, gạo tẻ 100 gr. Trước hết đun gạo nấu thành cháo. Bột khiếm thực, phục linh quấy vào nước lã, sau đó cho vào cháo, quấy đều, đun sôi 2 - 3 lần là được.","Kiện tỳ, trừ tả. Chữa bệnh tả do tỳ hư, kéo dài rất hiệu quả. Già trẻ đều dùng được. Có thể ăn thường xuyên, cũng có thể cho vào cháo một ít đường trắng.","","","","",""
27,"CHỮA ỈA CHẢY MẠN TÍNH","HOÀNG KỲ, GẠO TẺ","Bệnh ỉa chảy mạn tính (bệnh trạng như trên).","Hoàng kỳ tươi 30 gr, sắc lấy nước đặc. Cho vào 100 gr gạo, 1 ít đường nấu thành cháo. Khi cháo chín, cho vào 1 gr bột trần bì. Quấy đều, ăn nóng.","Kiện tỳ, bổ dưỡng dạ dày, trừ tả. Thích hợp chữa trị bệnh ỉa chảy mạn tính.","Người bị cảm mạo phát sốt không được dùng.","","","",""
27,"CHỮA ỈA CHẢY MẠN TÍNH","TÁO, MÀNG MỀ GÀ, BẠCH TRUẬT...","Bệnh ỉa chảy mạn tính (bệnh trạng như trên).","Táo chín 250 gr, màng mề gà 60 gr, bột gừng khô 60 gr, bạch truật tươi 120 gr. Trước hết đem bạch truật, màng mề gà sao khô, tán thành bột, sau đó trộn với bột gừng, táo nghiền nát làm thành bánh nướng chín. Dùng làm bánh ăn điểm tâm, ăn nhấm nháp, ngậm, nuốt từ từ.","Bổ tỳ, tăng cường khí huyết. Chữa khỏi chứng ỉa chảy do tỳ vị hư nhược, ỉa chảy kéo dài, phân sống, mệt mỏi không muốn ăn. Những người ăn uống khó tiêu khi dùng bạch truật, táo cũng có hiệu quả.","","","","",""
27,"CHỮA ỈA CHẢY MẠN TÍNH","BỘT GẠO, BỘT MÌ SAO VÀNG","Bệnh ỉa chảy mạn tính (bệnh trạng như trên).","Bột gạo, bột mì mỗi thứ 250 gr cho vào chảo rang vàng. Khi dùng cho vào 1 ít đường quấy với nước sôi uống. Uống cả ngày tùy ý.","Bổ trung ích khí, trừ tả. Có thể dùng chữa khỏi chứng sốt cao, buồn bã chân tay, ỉa chảy. Trẻ em, người lớn đều dùng được không phải kiêng kỵ gì.","","","","",""
27,"CHỮA ỈA CHẢY MẠN TÍNH","HẠT SEN","Bệnh ỉa chảy do tỳ vị hư nhược (bệnh trạng: đi ỉa lúc lỏng, lúc tả, phân sống, đi nhiều lần, tăng dần, ăn uống giảm, sắc mặt vàng vọt, nhạt miệng, bựa lưỡi trắng, mạch vi nhược).","Hạt sen khô (bỏ tâm sen), cho nước vừa đủ, ninh nhừ, nghiền nát. Lấy 500 gr gạo nếp hay gạo tẻ, trộn với hạt sen, nấu thành cháo, cô đặc, để nguội, rắc lên mặt cháo đặc ít đường, ăn cả ngày.","Kiện tỳ, ích khí, trừ tả.","","","","",""
27,"CHỮA ỈA CHẢY MẠN TÍNH","CHÁO QUẢ VẢI","Bệnh ỉa chảy suốt đêm (lúc gần sáng, bụng sôi, đau, ỉa xong thì yên, chân tay giá lạnh, lưng gối mỏi nhừ, nhạt miệng, bựa lưỡi trắng, mạch trầm).","Cùi quả vải khô 50 gr, sơn dược và hạt sen mỗi thứ 10 gr. Cho vào một ít gạo, nước vừa đủ, nấu thành cháo. Ăn vào 2 bữa sáng chiều.","Ôn thận, kiện tỳ, trừ tả.","","","","",""
28,"CHỮA BỆNH BÍ ĐÁI","RÂU NGÔ, XA TIỀN TỬ","Bí đái (tiểu tiện không thông, nước đái nhỏ giọt ít một, bệnh diễn biến nhanh).","Râu ngô 50 gr, xa tiền tử 20 gr (bỏ trong túi vải) cam thảo tươi 10 gr. Cho vào 500 ml nước, sắc lấy 400 ml, bỏ bã, uống nóng. Mỗi ngày uống 3 lần.","Thanh nhiệt, lợi tiểu. Có tác dụng chữa viêm đường tiết niệu, viêm bàng quang, bí đái do chứng thấp nhiệt.","Phụ nữ có thai không được dùng.","","","",""
28,"CHỮA BỆNH BÍ ĐÁI","NƯỚC MÍA, NƯỚC NON NGÓ SEN","Bí đái (bệnh trạng như trên).","Mía tươi 500 gr, róc vỏ, cắt khúc, ép lấy nước, non ngó sen non 100 gr, bỏ đốt, cắt khúc, ép lấy nước, trộn vào nước mía. Một ngày uống 3 lần.","Thanh nhiệt, giải độc, lợi tiểu, nhất là chữa bệnh nước đái nóng, vàng.","Người bí đái dạng hư hàn không được dùng.","","","",""
28,"CHỮA BỆNH BÍ ĐÁI","HOÀNG KỲ NẤU VỚI CÁ CHÉP","Bí đái (bệnh trạng như trên).","Hoàng kỳ tươi 60 gr, cá chép tươi 1 con (khoảng 250 - 300 gr). Nấu chín kỹ, ăn với cơm.","Giải độc, lợi tiểu. Người cao tuổi khí hư bí đái dùng rất tốt.","Người bị ngoại cảm chưa khỏi, nóng trong không được dùng.","","","",""
28,"CHỮA BỆNH BÍ ĐÁI","SỨA BIỂN, MÃ THẦY","Bí đái","Sứa biển, 200 gr, mã thầy 10 củ. Cho vào 5 bát nước, sắc lấy 2 bát. Chia làm 2 lần uống hết trong ngày.","Giải độc, lợi tiểu.","","","","",""
28,"CHỮA BỆNH BÍ ĐÁI","RÂU NGÔ, HOA HỒI","Bí đái, bàng quang trướng đau, không có bệnh gì khác.","Râu ngô hoặc lõi ngô 200 gr, hồi 5 gr; sắc kỹ, pha thêm ít đường uống.","Giảm trướng, lợi tiểu.","","","","",""
28,"CHỮA BỆNH BÍ ĐÁI","TRƯ LINH","Bí đái.","Trư linh, phục linh, trạch tả, cao A Giao, hoạt thạch, mỗi thứ 9 gr. Sắc kỹ uống.","Giải độc, lợi tiểu. Còn có tác dụng chữa chứng nước đái nóng, phát sốt, miệng khô khát liên miên, hoặc tim hồi hộp, không ngủ được, ho, nôn mửa, kiết lỵ.","","","","",""
28,"CHỮA BỆNH BÍ ĐÁI","CHÁO CAO LƯƠNG","Tỳ hư, thuỷ thấp bất lợi sinh ra bí đái.","Hàng ngày, ăn sáng bằng cháo cao lương với lượng vừa phải, có thể thêm đường trắng.","Bổ tỳ, thanh nhiệt, lợi tiểu.","","","","",""
28,"CHỮA BỆNH BÍ ĐÁI","CHÁO NGÔ","Hư nhiệt sinh ra đái dắt.","Hàng ngày, buổi sáng ăn cháo ngô với muối hoặc đường.","Thanh nhiệt, lợi tiểu.","","","","",""
28,"CHỮA BỆNH BÍ ĐÁI","GIÁ ĐẬU XANH","Bí đái.","Lấy 500 gr giá đậu xanh, rửa sạch, cho vào túi vải sạch, ép lấy nước, pha vào ít đường. Uống thay nước chè, uống không kỳ hạn, uống đến khi nào thông tiểu tiện thì thôi.","Thanh nhiệt, lợi tiểu.","","","","",""
28,"CHỮA BỆNH BÍ ĐÁI","CÁ CHUỐI (CÁ LÓC) NẤU VỚI ĐẬU PHỤ","Bí đái do thận hư.","Cá chuối 500 gr, bỏ đầu, ruột, rửa sạch. Cho nước vừa đủ, một ít muối, ninh nhừ, cho đậu phụ 250 gr và đun sôi tiếp ít phút. Ăn vào 2 bữa cơm.","","","","","",""
29,"CHỮA SƯNG TẤY TIỀN LIỆT TUYẾN","HOÀNG KỲ HẦM VỚI CÁ DIẾC","Tiền liệt tuyến sưng tấy (bệnh trạng: bí đái nhiều lần, ban đêm cũng nhiều, lượng nước tiểu không nhiều, nhưng vẫn có cảm giác đái chưa hết, tia nước đái không xa. Người mắc bệnh nặng có thể đái không ra nước, bụng dưới đau trướng, nằm ngồi không yên).","Mỗi lần dùng 30 gr hoàng kỳ, cá diếc (hoặc cá chép) 1 con khoảng 250 gr. Hầm chín ăn. Mỗi tuần ăn 2 lần.","Chữa trị hiệu nghiệm chứng sưng tấy tiền liệt tuyến dẫn đến đái dắt, không đái được.","","","","",""
29,"CHỮA SƯNG TẤY TIỀN LIỆT TUYẾN","HOÀNG KỲ, PHỤC LINH, ĐẠI HOÀNG...","Sưng tấy tiền liệt tuyến.","Dùng Hoàng kỳ 30 gr, phục linh 30 gr, đại hoàng 30 gr (sau giảm dần); con tê tê, nhân hạt đào mỗi thứ 10 gr, đan sâm 30 gr, xuyên ngưu tất 5 gr, quế 5 gr, sul-phát-nát-ri 6 gr. Sắc lấy nước uống. Người cao tuổi, thể chất tương đối tốt uống cũng rất tốt. Những người khí hư có thể tăng hoàng kỳ 60-90 gr. Thực tế đã chứng minh, có người điều trị 2 - 3 là khỏi bệnh.","","","","","",""
29,"CHỮA SƯNG TẤY TIỀN LIỆT TUYẾN","BÔNG MÃ ĐỀ","Tiền liệt tuyến sưng tấy cấp tính.","Dùng 150 gr bông mã đề tươi sắc lấy nước uống. Uống thay nước chè.","","","","","",""
29,"CHỮA SƯNG TẤY TIỀN LIỆT TUYẾN","HỔ TRƯỢNG, NGŨ LINH CHI","Sưng tiền liệt tuyến mạn tính","Hổ trượng 150 gr, ngũ linh chi 9 gr, hắc bạch thược (rễ cỏ xước) 3 gr, thổ ngưu tất 15 gr. Sắc kỹ lấy nước, cho vào 3 gr băng phiến, chia làm 2 lần uống hết trong ngày. Chữa khỏi viêm tiền liệt tuyến mạn tính, còn có tác dụng chữa chứng di tinh, bệnh không xuất tinh khi giao hợp.","","","","","",""
29,"CHỮA SƯNG TẤY TIỀN LIỆT TUYẾN","HOA BẠCH LAN, THỊT LỢN NẠC","Viêm tiền liệt tuyến.","Mỗi lần dùng 30 gr hoa bạch lan (hoa khô dùng 10 gr), thịt lợn nạc 150 - 200 gr. Cho nước vừa đủ, ninh nhừ.","Bổ âm, tiêu viêm.","","","","",""
30,"CHỮA BỆNH ĐÁI NHIỀU","SƠN THÙ DU, CÁ NHEO","Bệnh đái đêm nhiều.","Mỗi lần dùng 60 gr sơn thù du, cá nheo 1-2 con. Cho vào 3 bát nước hầm lấy 1 bát. Khi ăn cho ít muối, dầu ăn.","Bổ thận, điều hòa tiểu tiện.","","","","",""
30,"CHỮA BỆNH ĐÁI NHIỀU","HẠT SEN, KHIẾM THỰC, THỊT LỢN NẠC","Đái đêm nhiều","Mỗi lần dùng 50 gr hạt sen, 50 gr khiếm thực, 200 gr thịt lợn nạc. Ninh nhừ. Ăn vào 2 bữa cơm.","Bổ thận, điều hòa tiểu tiện.","","","","",""
30,"CHỮA BỆNH ĐÁI NHIỀU","THỊT HẾN, THỊT LỢN NẠC","Đái đêm nhiều.","Mỗi lần dùng 30 - 50 gr, thịt con hến, 200 gr thịt lợn nạc. Ninh nhừ, cho vào ít muối. Ăn vào 2 bữa cơm","Bổ âm, khống chế tiểu tiện.","","","","",""
30,"CHỮA BỆNH ĐÁI NHIỀU","BA KÍCH HẦM RUỘT GÀ","Thận hư, đái đêm nhiều.","Mỗi lần dùng 15 gr ba kích, ruột gà 2-3 bộ, mổ rửa sạch. Cho vào 2 bát nước, nấu lấy 1 bát, cho vào 1 ít muối.","Bổ thận, điều hòa bài tiết.","","","","",""
30,"CHỮA BỆNH ĐÁI NHIỀU","NHÂN HỒ ĐÀO, RAU HẸ","Đái đêm nhiều.","Mỗi lần dùng 600 gr nhân hồ đào, 150 gr lá hẹ, xào với dầu vừng. Cho vào 1 ít muối. Ăn vào 2 bữa cơm.","Bổ thận, điều hòa bài tiết.","","","","",""
30,"CHỮA BỆNH ĐÁI NHIỀU","BỔ CỐT CHỈ, BÀNG QUANG DÊ","Thận hư, đái dắt.","Mỗi lần dùng 15 gr bổ cốt chỉ, 150- 200 gr bàng quang dê, thái nhỏ. Ninh nhừ, cho vào 1 ít muối. Ăn cái, uống nước.","Ấm vùng bụng dưới, điều hòa tiểu tiện.","","","","",""
30,"CHỮA BỆNH ĐÁI NHIỀU","RUỘT GÀ, RƯỢU","thận hư, đái dắt.","Mỗi lần dùng 2 - 3 bộ ruột gà, rửa sạch, cắt thành từng đoạn nhỏ, xào với dầu lạc. Khi chín cho vào 1-2 thìa rượu. Ăn với cơm.","Bổ thận khí, điều hòa tiểu tiện.","","","","",""
30,"CHỮA BỆNH ĐÁI NHIỀU","BỔ CỐT CHỈ, BÀNG QUANG LỢN","Đái đêm nhiều.","Bổ cốt chỉ 15 gr, bàng quang lợn 1 chiếc. Bổ cốt chỉ rửa sạch, giã nhỏ bọc trong túi vải, ninh nhừ với bàng quang lợn. Ăn cái, uống nước. Ăn trước lúc đi ngủ. Cách ngày ăn 1 lần, điều trị liên tục 3 lần, có thể thấy kết quả.","","","","","",""
30,"CHỮA BỆNH ĐÁI NHIỀU","RAU DỀN GAI, CỦ CẢI KHÔ, GỪNG TƯƠI","Đái dắt, đái tháo, đái buốt, đái ra máu.","Rễ dền gai 50 - 100 gr, củ cải khô 20 gr, gừng tươi 3 lát, cho vào 1 bát rưỡi nước, sắc lấy 1 bát. Để nguội cho mật ong vào uống. Mỗi ngày uống 2 - 3 lần.","Bổ thận, điều hòa tiểu tiện.","","","","",""
30,"CHỮA BỆNH ĐÁI NHIỀU","THỤC PHỤ TỬ, GỪNG NƯỚNG, THỊT CHÓ","Đái đêm nhiều.","Mỗi lần dùng 15 - 30 gr Thục Phụ Tử, 150 gr gừng tươi đem nướng chín, 500 - 1000 gr thịt chó, rửa sạch thái nhỏ. Trước hết xào chín thịt chó với tỏi, dầu lạc, sau đó cho Thục Phụ Tử, gừng nướng thái lát vào, tiếp tục đun nhỏ lửa 2 tiếng là ăn được. Ăn cả nước lẫn cái.","Bổ thận, điều hòa tiểu tiện","Người bị cảm mạo không được dùng.","","","",""
30,"CHỮA BỆNH ĐÁI NHIỀU","ĐẬU ĐEN HẦM THỊT CHÓ","Thận hư, đái nhiều, đái dắt.","Đậu đen 30 gr, thịt chó 250 gr. Tất cả đem ninh nhừ, cho vào ít gia vị.","Bổ thận, điều hòa tiểu tiện.","","","","",""
30,"CHỮA BỆNH ĐÁI NHIỀU","PHỤ TỬ, GỪNG TƯƠI, THỊT CHÓ","Đái đêm nhiều.","Thịt chó 100 gr, thái nhỏ, phụ tử 30 gr sao vàng, gừng tươi 150 gr. Đun sôi dầu ăn, lần lượt cho vào ít tỏi, một ít nước và thịt chó, tiếp tục đun sôi, sau đó cho phụ tử, gừng vào và đun nhỏ lửa trong 2 tiếng. Chia làm 9 phần ăn trong 3 ngày liền.","","","","","",""
30,"CHỮA BỆNH ĐÁI NHIỀU","THỊT RÙA, GÀ TRỐNG CON","Bệnh đái nhiều ở người cao tuổi.","Thịt rùa 500 gr, thịt gà trống con (số lượng tùy ý). Ninh nhừ. Ăn thịt, uống nước.","Bổ thận, điều hòa tiểu tiện.","","","","",""
30,"CHỮA BỆNH ĐÁI NHIỀU","HẠNH ĐÀO, NHỘNG TẰM","Bệnh đái đêm nhiều của người cao tuổi.","Mỗi lần dùng 100 - 150 gr hạnh đào, 50 gr nhộng tằm. Hấp cách thủy.","Bổ thận, điều hòa tiểu tiện.","","","","",""
30,"CHỮA BỆNH ĐÁI NHIỀU","THỊT BÀO NGƯ","Bệnh đái dắt.","Thịt bào ngư nấu chín ăn với cơm.","Chữa khỏi chứng đái dắt ở những người thể lực kém.","","","","",""
30,"CHỮA BỆNH ĐÁI NHIỀU","THỊT RÙA, ĐỊA CỐT BÌ, THỊT GÀ TRỐNG CHOAI","Bệnh đái dắt.","thịt rùa 500 gr, địa cốt bì 2,5 gr, gà trống choai 1 con. Tất cả ninh nhừ, ăn nóng.","","","","","",""
31,"CHỮA BỆNH NẤC","ĐINH HƯƠNG, TAI QUẢ HỒNG","Bệnh nấc (do ăn uống không điều độ, nóng lạnh thất thường, tâm trí phiền muộn, khí hư, sinh ra đầy hơi, ho, nấc, không thể tự kiểm chế được).","Tai quả hồng 10 gr, đinh hương 3 gr, gừng tươi 5 lát. Sắc lấy 1 bát nước, Ngày uống 2 lần.","Ấm tỳ vị, cắt cơn nấc.","Những người ốm kéo dài, bệnh nặng, cơ thể yếu không được dùng.","","","",""
31,"CHỮA BỆNH NẤC","RỄ LAU SẬY, TRÚC NHỰ","Bệnh nấc (bệnh trạng như trên).","Rễ lau 100 gr, trúc nhự 30 gr. Sắc kỹ, lấy nước, hòa vào 1 ít mật ong, uống nóng.","Chữa khỏi nóng dạ, nấc, nôn mửa.","Người bị nấc lạnh dạ không được dùng.","","","",""
31,"CHỮA BỆNH NẤC","CHÁO TÍA TÔ","Bệnh nấc (bệnh trạng như trên).","Tía tô 20 gr, giã nát, hòa với nước đun sôi, vắt lấy nước bỏ bã. Cho 10 gr gạo vào nước tía tô, một ít đường, nấu thành cháo. Ăn vào 2 bữa sáng, chiều.","Khỏi nấc, tiêu đờm nhuận phế.","Người mắc bệnh ỉa chảy, người cao tuổi không được dùng.","","","",""
31,"CHỮA BỆNH NẤC","TAI QUẢ HỒNG, ĐAO ĐẬU","Bệnh nấc (bệnh trạng như trên).","Tai hồng 5 chiếc, đao đậu 20 gr (thái nhỏ), gừng tươi 3 lát. Sắc lấy nước, bỏ bã, hòa vào ít đường đỏ. Mỗi ngày uống 3 lần.","- Khỏi bệnh nấc do hư hàn. Người bị nôn mửa do vị hàn cũng dùng được.","","","","",""
31,"CHỮA BỆNH NẤC","NƯỚC GỪNG TƯƠI, ĐƯỜNG TRẮNG","Ăn no, ăn vội, đi quá nhanh, hoặc bị nhiễm lạnh sinh ra nấc.","Nước gừng tươi 25 gr, hòa vào nước sôi và một ít đường.","ấm tỳ vị, khỏi nấc.","","","","",""
31,"CHỮA BỆNH NẤC","TAI HỒNG, GỪNG TƯƠI","Đột nhiên bị nấc không dứt cơn.","tai hồng 10 chiếc, gừng tươi 10 gr. Cho vào 1 bát nước. Nấu chín. Ăn cái, uống nước.","Cắt cơn nấc.","","","","",""
31,"CHỮA BỆNH NẤC","QUẢ HẠNH ĐÀO","Người cao tuổi, ốm lâu ngày, nấc liên tục.","Dùng 200 gr cùi hạnh đào rán với dầu. Ăn hết 1 lần.","Bổ khí, khỏi nấc.","","","","",""
32,"CHỮA BỆNH PHÙ THŨNG","RỄ CỎ TRANH, ĐẬU ĐỎ","Bệnh phù thũng (do trong cơ thể ứ đọng dịch thể trên cơ bắp, dưới da dẫn đến đầu, mặt, chân tay và toàn thân phù nề, lấy ngón tay ấn vào thành vết lõm).","rễ cỏ tranh tươi 200 gr. Sắc lấy nước, bỏ bã. Cho vào 200 gr gạo tẻ vào đổ vào nấu thành cháo. Mỗi ngày ăn 3-4 lần.","trừ phù thũng. Những người bị phù thũng, bộ máy tiết niệu có sỏi, trong nước tiểu có máu dùng bài thuốc này rất có hiệu quả.","","","","",""
32,"CHỮA BỆNH PHÙ THŨNG","RÂU NGÔ","Bệnh phù thũng (bệnh trạng như trên).","Râu ngô tươi 100 gr, cho nước vừa đủ, sắc trong 1 tiếng, gạn lấy nước, tiếp tục đun nhỏ lửa, cô đặc lại còn 100 ml, cho vào 500 gr đường trắng, trộn đều. Để nguội, cho vào lọ dùng. Mỗi lần uống 10 gr, uống với nước sôi. Mỗi ngày uống 3 lần.","Thanh nhiệt, lợi tiểu, tiêu phù, hạ huyết áp.","","","","",""
32,"CHỮA BỆNH PHÙ THŨNG","VỎ BÍ ĐAO, ĐẬU TẰM","Bệnh phù nề (bệnh trạng như trên).","Vỏ bí đao 60 gr, đậu tằm 60 gr, cho vào 3 bát nước, sắc lấy 1 bát, bỏ bã. Uống mỗi ngày 3 - 4 lần.","Kiện tỳ, lợi tiểu, giải phong nhiệt, tiêu phù nề.","Những người ăn đậu tằm bị dị ứng thì không nên dùng bài thuốc này.","","","",""
32,"CHỮA BỆNH PHÙ THŨNG","PHỤC LINH, BỘT GẠO, ĐƯỜNG TRẮNG","Bệnh phù nề (bệnh trạng như trên).","Dùng bột phục linh, bột gạo, đường trắng tỉ lệ bằng nhau. Cho nước vào quấy đều. Đem rán thành bánh, làm món ăn điểm tâm buổi sáng, buổi chiều.","Chữa khỏi chướng, phù nề, tim đập loạn nhịp, mất ngủ, tinh thần mệt mỏi... Dùng thường xuyên sẽ có hiệu quả rõ.","","","","",""
32,"CHỮA BỆNH PHÙ THŨNG","ĐẬU ĐỎ, CÁ CHÉP","Bệnh phù nề (bệnh trạng như trên).","Dùng 100 gr đậu đỏ, 1 con cá chép (khoảng 250 - 500 gr) bỏ ruột, để lại vẩy. Đem cá, đậu ninh nhừ, không cho muối. Chia làm 2 lần ăn hết trong ngày.","Lợi tiểu, tiêu phù. Bài thuốc này phải ăn nhạt. Bài thuốc cũng có công hiệu đối với bệnh viêm thận, phụ nữ có thai bị phù.","","","","",""
32,"CHỮA BỆNH PHÙ THŨNG","CHÁO NGÂN HẠNH, KHIẾM THỰC","Bệnh phù nề (bệnh trạng như trên).","Ngân hạnh 10 quả, bỏ hạt, hạt khiếm thực 50 gr, gạo nếp 50 gr. Cho nước, nấu thành cháo, cho vào 1 ít muối. Mỗi ngày ăn 1 lần. Điều trị 2 lần sẽ thấy hiệu quả.","","","","","",""
32,"CHỮA BỆNH PHÙ THŨNG","LẠC NHÂN, CÁ CHÉP","Bệnh phù nề do dinh dưỡng.","Lạc nhân 100 gr, cá chép hoặc cá diếc 1 con. Ninh nhừ, cho vào 1 ít nước.","Lợi tiểu, tiêu phù.","","","","",""
32,"CHỮA BỆNH PHÙ THŨNG","SỮA DÊ, ĐƯỜNG TRẮNG","Bệnh phù nề do viêm thận mạn tính.","Dùng 500 ml sữa dê, đun sôi cho vào 1 ít đường trắng. Hàng ngày uống vào 2 buổi sáng, chiều.","Lợi tiểu, tiêu phù.","","","","",""
32,"CHỮA BỆNH PHÙ THŨNG","CÁ DIẾC, VỎ BÍ ĐAO","Bụng to do báng nước.","Dùng 1 con cá diếc, 100 gr bí đao. Cá rửa sạch, bỏ mật, nấu chín kỹ với vỏ bí đao.","Lợi tiểu, tiêu phù.","","","","",""
32,"CHỮA BỆNH PHÙ THŨNG","GÀ MÁI, HẤP RƯỢU","Bệnh phù tim, chi dưới phù nề.","Dùng 1 con gà mái, làm sạch lông bỏ ruột, cho rượu vào hấp chín.","Lợi tiểu, tiêu phù, an thần.","","","","",""
32,"CHỮA BỆNH PHÙ THŨNG","ĐẬU TẰM, ĐƯỜNG ĐỎ","Các chứng phù nề.","Dùng 100 gr đậu tằm (loại đậu cũ từ những năm trước), 200 gr đường đỏ. Đậu sát bỏ vỏ, nấu với đường đỏ thành chè đậu. Ăn dần dần bằng nhiều bữa trong ngày.","Tiêu phù nề.","","","","",""
32,"CHỮA BỆNH PHÙ THŨNG","RÂU NGÔ, CỦ CẢI, CHÈ BẠCH MAO","Các chứng phù nề.","Râu ngô 50 gr, củ cải 500 gr, chè bạch mao 100 gr. Trước hết cho râu ngô, củ cải vào sắc kỹ, sau đó cho chè vào sắc tiếp ít phút. Dùng làm nước uống thường xuyên.","tiêu phù.","","","","",""
32,"CHỮA BỆNH PHÙ THŨNG","TRỨNG GÀ HẤP LƯU HUỲNH","Các chứng phù nề.","Dùng 1 quả trứng gà, 5 gr lưu huỳnh. Trứng gà trộn với bột lưu huỳnh, quấy đều. Hấp chín ăn.","Tiêu phù nề.","","","","",""
32,"CHỮA BỆNH PHÙ THŨNG","THỊT CHÓ NẤU CHÁO TIỂU MẠCH","Bệnh phù nề do thiếu dinh dưỡng, cơ thể suy nhược.","Dùng 500 gr thịt chó, thái nhỏ, cho 100 gr tiểu mạch (đã sát bỏ vỏ) vào nấu thành cháo. Ăn vào lúc đói.","Bổ khí huyết, tiêu phù.","","","","",""
32,"CHỮA BỆNH PHÙ THŨNG","ĐẬU ĐỎ, CÁ CHÉP","Bệnh phù nề, đặc biệt là bệnh phù ở phụ nữ có thai.","Mỗi lần dùng 90 gr đậu đỏ, 300 - 500 gr cá chép. Ninh nhừ bằng nồi đất.","","","","","",""
32,"CHỮA BỆNH PHÙ THŨNG","NHO KHÔ, VỎ GỪNG TƯƠI","Bệnh phù do suy dinh dưỡng.","Dùng 30 gr nho khô, 10 gr vỏ gừng tươi. Sắc kỹ lấy nước uống.","Tiêu phù.","","","","",""
32,"CHỮA BỆNH PHÙ THŨNG","LẠC NHÂN, TỎI","Chi dưới phù nề do tỳ hư hàn thấp.","Mỗi lần dùng 100 - 150 gr lạc nhân, củ tỏi to thái lát 50 gr - 100 gr. Cho vào ấm đất, sắc lấy nước uống. Cách ngày điều trị 1 lần, điều trị liên tục 2 - 4 lần.","Bổ tỳ, tiêu phù nề.","","","","",""
32,"CHỮA BỆNH PHÙ THŨNG","TÁO TÀU, TỎI, LẠC NHÂN","Các chứng phù nề","Táo 15 quả, lạc nhân 100 gr, tỏi thái lát 30 gr, dầu ăn 15 gr. Đun sôi dầu, cho tỏi vào xào chín, cho tiếp táo, lạc nhân và 2 bát nước vào, Ninh nhừ.","Ấm tỳ, tiêu phù.","","","","",""
32,"CHỮA BỆNH PHÙ THŨNG","ĐẬU ĐỎ, BÍ ĐAO, CÁ TƯƠI","Bệnh phù nề, bệnh gan báng nước do viêm thận cấp tính, mạn tính gây ra.","Mỗi lần dùng 1 con cá tươi (khoảng 100-150 gr), đánh vẩy, bỏ mật, bí đao 500 gr (để nguyên vỏ), đậu đỏ 60 gr, 5 củ hành. Nước vừa đủ, không cho muối. Ninh nhừ, ăn hết 1 lần.","Lợi tiểu, tiêu phù.","","","","",""
32,"CHỮA BỆNH PHÙ THŨNG","TỎI, DƯA HẤU","Bệnh phù nề, xơ gan, báng nước do viêm thận cấp, mạn tính.","Mỗi lần dùng 60 - 90 gr tỏi, 1 quả dưa hấu (khoảng 1500 - 2000 gr). Dùng dao nhọn, khoét 1 lỗ 3 cạnh trên quả dưa, tạo thành 1 lỗ có nắp, cho tỏi (đã bóc vỏ) vào trong quả dưa, đậy nắp lại. Hấp cách thủy. Ăn tỏi, dưa lúc còn nóng.","Lợi tiểu, phù nề.","","","","",""
32,"CHỮA BỆNH PHÙ THŨNG","ĐẬU ĐEN, LONG NHÃN, TÁO TÀU","Bệnh phù nề do tỳ hư.","Mỗi lần dùng 50gr đậu đen, 15gr long nhãn, 50 gr táo. Cho vào 3 bát nước sắc lấy 2 bát. Chia làm 2 lần, uống vào buổi sáng chiều.","Kiện tỳ, bổ phổi, bổ khí huyết, tiêu viêm.","","","","",""
32,"CHỮA BỆNH PHÙ THŨNG","ĐẬU TẰM HẦM VỚI THỊT BÒ","Bệnh phù nề do suy dinh dưỡng.","Mỗi lần dùng 150 gr đậu tằm, 150 gr thịt bò thái miếng. Cho nước và 1 ít muối vào hầm. Ăn vào 2 bữa cơm.","Kiện tỳ, bổ khí huyết, tiêu phù.","","","","",""
32,"CHỮA BỆNH PHÙ THŨNG","GIẤM, HẢI ĐỚI","Bệnh phù.","Mỗi lần dùng 120 gr hải đới tươi (khô dùng 60gr), nấu với giấm chua (lượng vừa đủ).","Lợi tiểu, tiêu phù.","Những người bị viêm loét dạ dày, tá tràng, dạ dày dư a-xít không được dùng.","","","",""
32,"CHỮA BỆNH PHÙ THŨNG","VỎ ĐẬU TẰM, CHÈ ĐỎ","Bệnh phù nề.","Mỗi lần dùng 15 gr vỏ đậu tằm khô, 6 gr lá chè. Hãm với nước sôi như pha chè uống hoặc sắc lấy nước uống.","Lợi tiểu, giảm thấp, tiêu phù.","","","","",""
32,"CHỮA BỆNH PHÙ THŨNG","HẠT KHIẾM THỰC HẦM VỚI VỊT","Bệnh phù do tỳ hư.","Mỗi lần dùng 100 - 120gr hạt khiếm thực, 1 con vịt (bỏ lông, ruột gan, rửa sạch). Cho khiếm thực vào trong bụng con vịt. Đun nhỏ lửa, hầm trong 2 tiếng, cho vào 1 ít muối. Có thể ăn vào 2 bữa cơm.","Kiện tỳ, lợi tiểu, tiêu phù.","","","","",""
32,"CHỮA BỆNH PHÙ THŨNG","DƯA HẤU","Bệnh phù nề.","Lấy phần ruột dưa hấu, dùng vải sạch gói, ép lấy nước. Đun nhỏ lửa, cô đặc nước dưa hấu, cho đường trắng vào, quấy đều. Để nguội, hong khô, cho vào lọ. Mỗi lần 15gr hòa với nước sôi uống. Mỗi ngày uống 3 lần.","Lợi tiểu, tiêu phù.","","","","",""
32,"CHỮA BỆNH PHÙ THŨNG","RỄ CỎ TRANH, DỨA TƯƠI","Bệnh phù nề.","Rễ cỏ tranh tươi 250gr, rửa sạch cho nước vừa đủ, sắc trong 30 phút, bỏ bã. Tiếp tục đun nhỏ lửa cho đến khi cạn đặc, cho thêm vào 500gr nước dứa tươi, tiếp tục đun nhỏ lửa cho đến khi đặc quánh là được. Cho vào 500 gr đường trắng, quấy đều, hong khô, cho vào lọ. Mỗi lần uống 10 gr quấy với nước sôi. Mỗi ngày uống 3 lần.","Lợi tiểu, tiêu phù.","","","","",""
33,"CHỮA BỆNH HOÀNG ĐẢN (BỆNH VÀNG DA, VÀNG MẶT, VIÊM GAN)","NHÂN TRẦN, RỄ CỎ TRANH TRẮNG","Bệnh hoàng đản (sốt cao dẫn đến thấp, da vàng, mắt vàng, sốt, khát nước, nước đái vàng đậm, táo bón, buồn nôn, bựa lưỡi vàng, nhầy).","Nhân trần 30 gr, rễ cỏ tranh trắng tươi 60gr, cho vào 500ml nước, sắc kỹ, bỏ bã, lấy nước, pha vào ít đường phèn. Mỗi ngày uống 3 - 5 lần.","thanh nhiệt, lợi tiểu, khỏi vàng da, vàng mắt.","Mắc bệnh hoàng đản cấp tính do viêm gan; mỗi ngày phải uống 4-5 lần, mỗi lần 300 - 500 ml. Đi đái nhiều là tốt.","","","",""
33,"CHỮA BỆNH HOÀNG ĐẢN (BỆNH VÀNG DA, VÀNG MẶT, VIÊM GAN)","RÂU NGÔ, NHÂN TRẦN","Bệnh hoàng đản (bệnh trạng như trên).","Râu ngô 30gr (nếu râu ngô tươi thì 60gr), nhân trần 30gr, tiền thảo 30gr. Cho vào 500ml nước. Sắc Kỹ, bỏ bã, lấy nước, cho đường trắng vừa phải. Mỗi lần uống 200ml, mỗi ngày uống 3 - 5 lần.","Thanh nhiệt, lợi mật, khỏi vàng da.","Dùng chữa bệnh hoàng đản viêm gan, viêm túi mật rất hiệu quả. Thời kỳ bệnh cấp tính thì phải uống nhiều hơn. Mỗi ngày 200ml, chia làm 2-4 lần. Đi tiểu nhiều là có kết quả tốt.","","","",""
33,"CHỮA BỆNH HOÀNG ĐẢN (BỆNH VÀNG DA, VÀNG MẶT, VIÊM GAN)","CHÁO PHỤC LINH, ĐẬU ĐỎ, Ý DĨ","Bệnh hoàng đản (thấp nặng sốt cao, mặt vàng, mắt vàng, da tái sạm, vàng mỡ sưng to,áng đầu, bụng trướng, đái đường, ăn khó tiêu, bựa lưỡi vàng, nhầy mạch nhu, chậm).","Bột phục linh trắng 20gr, đậu đỏ 30gr, ý dĩ 100gr. Ngâm đậu 1/2 ngày, đem ninh nhừ với ý dĩ thành cháo, cho bột phục linh vào, tiếp tục đun chín kỹ, cho vào 1 ít đường trắng. Hàng ngày uống nhiều lần theo ý muốn.","Kiện tỳ, trừ thấp, thanh nhiệt, giải độc, khỏi bệnh hoàng đản.","","","","",""
33,"CHỮA BỆNH HOÀNG ĐẢN (BỆNH VÀNG DA, VÀNG MẶT, VIÊM GAN)","RỄ CỎ TRANH TƯƠI, THỊT LỢN NẠC","Bệnh hoàng đản (bệnh trạng như trên).","Rễ cỏ tranh tươi 150gr (nếu rễ khô 100gr), cắt ngắn, thịt lợn nạc 250gr. Cho nước vừa đủ, ninh nhừ, cho vào một ít muối. Ăn vào các bữa cơm.","Trừ thấp, khỏi vàng da. Có thể dùng làm nước uống hàng ngày, phù hợp với người bệnh cơ thể suy nhược, vàng da, vàng mắt.","","","","",""
33,"CHỮA BỆNH HOÀNG ĐẢN (BỆNH VÀNG DA, VÀNG MẶT, VIÊM GAN)","THỊT LỢN NẠC NẤU VỚI HOA CÚC","Bệnh hoàng đản, vàng da toàn thân.","Cây hoa cúc hoặc rễ 50gr, sắc kỹ lấy nước uống, hoặc nấu với thịt lợn nạc ăn.","Lợi tiểu, ích mật, khỏi vàng da.","","","","",""
33,"CHỮA BỆNH HOÀNG ĐẢN (BỆNH VÀNG DA, VÀNG MẶT, VIÊM GAN)","DẠ DÀY LỢN NẤU VỚI CỦ MÃ THẦY","Bệnh hoàng đản, vàng da toàn thân, màu vàng sạm","Dùng 1 chiếc dạ dày lợn nấu với mã thầy khoảng 1/2 kg.","Lợi tiểu, ích mật, khỏi vàng da.","","","","",""
33,"CHỮA BỆNH HOÀNG ĐẢN (BỆNH VÀNG DA, VÀNG MẶT, VIÊM GAN)","QUẢ THẬN GÀ, CỦ CẢI, TRẦN BÌ, GỪNG TƯƠI","Viêm gan hoàng đản mạn tính, gan nóng, trướng bụng đau âm ỉ.","Dùng 1 quả cật gà, 1 củ cải, 1 miếng trần bì và 2 lát gừng. Ninh nhừ, ăn cái, uống nước.","Lợi tiểu, tiêu viêm, khỏi vàng da.","","","","",""
33,"CHỮA BỆNH HOÀNG ĐẢN (BỆNH VÀNG DA, VÀNG MẶT, VIÊM GAN)","THÂN CÂY DƯA CHUỘT NẤU VỚI TRỨNG GÀ","Viêm gan cấp tính hoàng đản.","Lấy 1 đoạn thân leo cây dưa chuột thái nhỏ, 1 quả trứng gà, cho vào 2 bát nước sắc với cây dưa chuột, lấy 1 bát nước. Đập quả trứng gà vào, quấy đều, đun sôi. Ăn cả cái lẫn nước.","ích mật, khỏi vàng da.","","","","",""
33,"CHỮA BỆNH HOÀNG ĐẢN (BỆNH VÀNG DA, VÀNG MẶT, VIÊM GAN)","CÁM GẠO, TRỨNG GÀ, MẬT ONG","Hoàng đản do viêm gan cấp.","Lấy 100gr cám, 2 quả trứng gà, 50ml mật ong. Cho cám gạo vào 2 bát nước, sắc lấy 1 bát nước, bỏ bã. Cho trứng gà, mật ong vào nước cám quấy đều, đun sôi chín ăn. Mỗi ngày ăn 1 lần.","Lợi tiểu, khỏi vàng da.","","","","",""
33,"CHỮA BỆNH HOÀNG ĐẢN (BỆNH VÀNG DA, VÀNG MẶT, VIÊM GAN)","CỎ XƯƠNG GÀ NẤU VỚI ỐC RUỘNG","Bệnh hoàng đản truyền nhiễm do viêm gan.","Mỗi lần dùng 30 - 60gr cỏ xương gà, ốc 250 - 400 gr. Lấy nước sạch ngâm ốc, 24 - 48 tiếng. Thay nước, rửa sạch, lấy dao đập dập ốc (đập nhẹ, không làm nát). Cho ốc, cỏ vào sắc lấy nước uống.","ích mật, khỏi vàng da.","","","","",""
33,"CHỮA BỆNH HOÀNG ĐẢN (BỆNH VÀNG DA, VÀNG MẶT, VIÊM GAN)","NHÂN TRẦN, THỊT HẾN","Hoàng đản cấp do viêm gan.","Mỗi lần có thể dùng 30gr nhân trần, 100 - 150gr thịt hến. Cho nước vào sắc lấy nước uống (có thể ăn thịt hến).","Tiêu viêm, khỏi vàng da.","","","","",""
33,"CHỮA BỆNH HOÀNG ĐẢN (BỆNH VÀNG DA, VÀNG MẶT, VIÊM GAN)","ĐẬU VÀNG, RAU CẢI TRẮNG","Viêm gan hoàng đản cấp.","Mỗi lần dùng 60 gr đậu vàng, một ít rau cải trắng. Sắc lấy nước uống.","Thanh nhiệt, tiêu viêm, mát gan, khỏi vàng da.","","","","",""
33,"CHỮA BỆNH HOÀNG ĐẢN (BỆNH VÀNG DA, VÀNG MẶT, VIÊM GAN)","CÁ CHUỐI","Bệnh hoàng đản do viêm gan truyền nhiễm.","Lấy cá chuối còn sống, thả trong nước sạch 1 ngày. Mổ cá bỏ hết ruột gan, sau đó cho vào lò sấy khô, tán nhỏ. Mỗi ngày ăn 3 lần, mỗi lần 10gr.","Bổ gan, tiêu viêm, khỏi vàng da.","","","","",""
33,"CHỮA BỆNH HOÀNG ĐẢN (BỆNH VÀNG DA, VÀNG MẶT, VIÊM GAN)","MẬT ONG","Hoàng đản do viêm gan.","Hàng ngày dùng 50 - 100gr mật ong hòa với nước sôi uống, uống thay nước chè.","Khỏi viêm gan.","","","","",""
33,"CHỮA BỆNH HOÀNG ĐẢN (BỆNH VÀNG DA, VÀNG MẶT, VIÊM GAN)","HỒ TIÊU, TRỨNG GÀ","","Lấy 1 quả trứng gà tươi, đục 1 lỗ nhỏ trên vỏ quả trứng, cho 7 hạt hồ tiêu vào trong quả trứng. Dùng bột mì bịt lỗ thủng. Dùng giấy thấm gói kín quả trứng. Đun trứng nướng trên bếp lò. Bóc vỏ, ăn cả trứng lẫn hồ tiêu. Người lớn mỗi ngày ăn 2 quả, trẻ em mỗi ngày ăn 1 quả. Mỗi đợt điều trị 10 ngày, nghỉ 3 ngày, điều trị tiếp đợt sau.","Ôn trung hạ khí, tiêu viêm, giải độc.","","","","",""
33,"CHỮA BỆNH HOÀNG ĐẢN (BỆNH VÀNG DA, VÀNG MẶT, VIÊM GAN)","PHƯƠƠNG THUỐC ĐIỀU TRỊ ĐẶC HIỆU BỆNH VÀNG DA","Bệnh hoàng đản.","Mỗi lần dùng 30 gr hoài sơn, 10 gr Hải long Nhật Bản (cá chìa vôi Nhật Bản), 10 gr hải tước, 10gr ngọc trúc, 2 cốc nước lã. Sắc lấy 1 cốc, uống thay nước chè hàng ngày.","","","","","",""
34,"CHỮA CẢM MẠO, CẢM CÚM","GỪNG, HÀNH","Phong hàn, cảm mạo (thời tiết giá lạnh, do cảm phong, cảm lạnh sinh ra, bệnh trạng chủ yếu là vừa sốt rét, không ra mồ hôi, nhức đầu, toàn thân rét run, chảy nước mũi, ho, đờm trắng, lỏng, bựa lưỡi trắng, mạch phù).","Gừng tươi 15 gr thái lát, 3 củ hành trắng, cho vào 500ml nước, đun sôi kỹ, cho vào 20gr đường đỏ. Uống nóng, uống hết trong một lần. Uống xong đắp chăn cho ra mồ hôi.","Trừ phong hàn cảm nhiệt, đau đầu, không ra mồ hôi.","","","","",""
34,"CHỮA CẢM MẠO, CẢM CÚM","GỪNG, HÀNH, CHAO ĐẬU, RƯỢU","Phong hàn, cảm mạo (bệnh trạng như trên).","Dùng 30gr cây hành cả củ, rễ, 10gr chao đậu nhạt, 3 lát gừng tươi, cho vào 500 ml nước sắc kỹ, cho vào 30ml rượu đun tiếp cho đến khi sôi. Uống nóng, uống xong đắp chăn kín cho ra mồ hôi.","Trừ phong hàn cảm mạo, nhức đầu, không ra mồ hôi.","","","","",""
34,"CHỮA CẢM MẠO, CẢM CÚM","LÁ TÍA TÔ, GỪNG TƯƠI","Phong hàn, cảm mạo (bệnh trạng như trên).","Gừng tươi 15gr, lá tía tô 10gr. Cho vào 500ml nước. Dùng nồi đất hoặc chảo sắt tráng men đun sôi, cho vào 20gr đường đỏ. Uống nóng, mỗi ngày uống 2 lần.","Phong hàn, cảm mạo. Có tác dụng chữa trị buồn nôn, đau dạ dày, trướng bụng, phụ nữ có mang bị cảm mạo dùng rất tốt.","","","","",""
34,"CHỮA CẢM MẠO, CẢM CÚM","ĐƯƠNG QUY, GỪNG TƯƠI HẦM THỊT DÊ","Phong hàn, cảm mạo (bệnh trạng như trên).","Thịt dê 100 - 200 gr, gừng tươi 60gr, hành 10gr, đương quy 15gr. Thịt dê thái nhỏ, xào chín với dầu ăn, gừng, hành cho vào khoảng 2 bát nước, ít muối, đun sôi trong 30 phút. Ăn cả cái lẫn nước. Ăn xong cần tránh gió từ 2 - 4 tiếng.","Bổ hư, ôn trung, sinh huyết, trừ hàn. Những người thường mắc chứng cảm mạo, cơ thể suy nhược, phụ nữ sau khi sinh đẻ bị cảm uống rất tốt.","","","","",""
34,"CHỮA CẢM MẠO, CẢM CÚM","LÁ DÂU, HOA CÚC, CAM THẢO","Phong nhiệt cảm mạo (Thường thấy khi thời tiết ấm áp hoặc nóng bức, bệnh trạng chính: phát sốt, nhức đầu, ngạt mũi, ra mồ hôi ít hoặc không ra, đau họng, miệng khô, ho ra đờm màu vàng, đặc, bựa lưỡi trắng, mạch phù).","Lá dâu, hoa cúc, cam thảo mỗi thứ 10gr. Cho đủ nước, sắc kỹ, uống thay nước chè.","Trừ phong, tán nhiệt, mát phổi, cắt cơn ho. Đối với bệnh phong nhiệt cảm mạo, dùng bài thuốc này rất có hiệu quả.","","","","",""
34,"CHỮA CẢM MẠO, CẢM CÚM","HOA CÚC, ĐƯỜNG TRẮNG","Phong nhiệt, cảm mạo (bệnh trạng như trên).","Hoa cúc 30gr, cho vào ấm hãm với nước sôi, cho vào 1 ít đường trắng. Uống thay nước chè.","Trừ phong, thanh nhiệt, giải độc, cắt cơn ho","","","","",""
34,"CHỮA CẢM MẠO, CẢM CÚM","HƯƠNG NHU, HẬU PHÁC, ĐẬU BIỂN","Cảm mạo do nóng, thấp (thường thấy vào mùa hè nóng bức, cơ thể bị nóng, ẩm thấp sinh bệnh, sốt tương đối cao, có mồ hôi mà không thoát ra được, mồ hôi ra thì giảm nóng, mồ hôi ngừng ra thì lại sốt, nhức đầu, thân thể mệt mỏi, tức ngực, buồn nôn, bựa lưỡi vàng hoặc trắng, mạch nhu).","Hương nhu 30gr, hậu phác 10gr, đậu bạch biển 20gr (sao vàng). Cho vào nước sắc kỹ trong khoảng 30 phút, bỏ bã uống nước. Mỗi ngày uống 3 - 4 lần.","Ra mồ hôi, giảm sốt.","Những người mắc chứng sốt cao, mồ hôi ra nhiều mà không rét dữ dội, tim hồi hộp, miệng khát nước không nên dùng bài thuốc này.","","","",""
34,"CHỮA CẢM MẠO, CẢM CÚM","HOẮC HƯƠNG, GẠO TẺ","Cảm mạo (bệnh trạng như trên).","Lá hoắc hương tươi 20gr, sắc kỹ, cho vào 1 ít đường trắng. Mỗi ngày uống 3 - 4 lần. Hoặc dùng 100gr gạo tẻ, nấu thành cháo, cho nước hoắc hương vào. Ăn nóng.","Thanh nhiệt, giảm đau, ra mồ hôi. Bài thuốc này chữa các chứng sốt rét, cảm mạo, nhức đầu, tiêu hóa khó khăn, buồn nôn. Mùa hè nóng bức, có thể ăn cháo hoắc hương thường xuyên để bồi dưỡng cơ thể, giữ gìn sức khỏe.","","","","",""
34,"CHỮA CẢM MẠO, CẢM CÚM","RAU CẢI, ĐẬU PHỤ, GỪNG TƯƠI","Cảm, ngạt mũi, nhức đầu, sợ lạnh, không ra mồ hôi, đắng miệng, miệng khô, không muốn ăn.","Rau cải 500gr, đậu phụ 3 miếng (3 bìa đậu) trám muối 4 quả, gừng tươi 15gr. Cho vào 4 bát nước, sắc lấy khoảng 1 bát. Uống nóng, uống xong đắp chăn kín toàn thân cho ra mồ hôi.","Thanh nhiệt, giải cảm, giảm đau.","","","","",""
34,"CHỮA CẢM MẠO, CẢM CÚM","HÀNH, TỎI NẤU CHÁO","Cảm, nhức đầu","Lấy 10 củ hành, 3 củ tỏi. Nấu 2 bát cháo bột gạo. Khi cháo chín cho hành tỏi vào đun sôi kỹ. Ăn nóng. Ăn xong đắp chăn kín toàn thân để ra mồ hôi.","Trừ phong, cắt cơn đau.","","","","",""
34,"CHỮA CẢM MẠO, CẢM CÚM","CÁ TRẮM CỎ, GỪNG TƯƠI, RƯỢU","Cảm, ngạt mũi, sợ lạnh, nhức đầu.","Thịt cá trắm cỏ 150gr, gừng tươi thái lát 25gr, rượu 100ml. Lấy 1/2 bát nước đun sôi, cho 3 vị trên và 1 ít muối vào. Ăn nóng để ra mồ hôi.","Trừ phong, giải cảm, cắt cơn đau.","","","","",""
34,"CHỮA CẢM MẠO, CẢM CÚM","QUẢ ĐÀO, HÀNH, GỪNG TƯƠI","Cảm lạnh, không ra mồ hôi, nhức đầu phát sốt.","Quả đào 25gr, hành 25gr, gừng tươi 25 gr, lá chè 15gr. Cho vào 1 bát nước, sắc kỹ, bỏ bã, uống nước","Giải cảm, ra mồ hôi, giảm đau, giải nhiệt.","","","","",""
34,"CHỮA CẢM MẠO, CẢM CÚM","GỪNG TƯƠI, HÀNH CỦ, CỦ CẢI","Cảm, ho ra đờm nhiều, trong đờm có bọt.","Gừng tươi 15gr, hành 6 củ, củ cải 1 củ. Dùng 3 bát nước, lần lượt cho củ cải, gừng và hành vào, sắc kỹ, lấy 1 bát nước, bỏ bã, uống nước.","Thanh nhiệt, tiêu đờm, cắt cơn ho.","","","","",""
34,"CHỮA CẢM MẠO, CẢM CÚM","CÂY MÙI, ĐƯỜNG MẠCH NHA","Cảm gió, ho, đờm ra nhiều.","Cây mùi 25gr, đường mạch nha 25gr, 3 thìa nước cơm. Đun nhỏ lửa, khi đường hòa tan hết là được. Ăn hết trong 1 lần.","thanh nhiệt, tiêu đờm, cắt cơn ho.","","","","",""
34,"CHỮA CẢM MẠO, CẢM CÚM","Ô MAI, ĐƯỜNG ĐỎ","Cảm phong, cảm mạo, phát sốt.","Ô mai 4 quả, đường đỏ 100 gr. Sắc lấy 1 bát nước, chia làm 2 lần uống hết.","Trừ phong, thanh nhiệt.","","","","",""
34,"CHỮA CẢM MẠO, CẢM CÚM","LÁ CHÈ, TÍA TÔ","Cảm mạo dẫn đến khản tiếng.","Lá chè 5gr đem sao, tía tô 5gr, muối rang 10gr. Dùng 1 bát nước, cho chè, tía tô vào sắc kỹ, hòa tan muối, bỏ bã, uống dần dần.","Thanh nhiệt, khỏi khản tiếng.","","","","",""
34,"CHỮA CẢM MẠO, CẢM CÚM","PHƯƠNG THUỐC KỲ DIỆU CHỮA CẢM CÚM","Cảm cúm","Đài sen 15gr, ngân hoa 10gr, rễ cây lau 15gr, hương nhu 10gr, bèo tấm 10gr, sắn dây 15gr, phòng phong 10gr, đại thanh diệp 15gr, cam thảo 10gr. Cho vào 3 bát nước, sắc lấy 1 bát. Để nguội uống hết trong 1 lần. Mỗi ngày dùng 1 thang. Điều trị liên tục 2 - 3 thang. Nếu bệnh nhân sốt cao thì cho thêm vào 30gr thạch cao. Bệnh nhân nhức đầu, đau mình mẩy thì thêm 10gr cành dâu, 15gr bạch thược. Bệnh nhân ho đau họng thì thêm rễ cây lan 15gr, huyền sâm 15gr. Bệnh nhân nôn mửa, ăn ít thì thêm hoắc hương 10gr. Nếu người sốt cao không giảm, bệnh tình trầm trọng thì có thể uống mỗi ngày 2 thang. Trẻ em, người già cơ thể yếu thì uống 1/2 thang.","Thanh nhiệt, giải cảm, cắt cơn ho, giảm đau.","","","","",""
34,"CHỮA CẢM MẠO, CẢM CÚM","MẬT ONG, HOA KIM NGÂN","Cúm.","lấy 30gr hoa kim ngân, cho vào 2 bát nước, sắc lấy 1 bát, gạn lấy nước thuốc, hòa vào 20gr mật ong, uống 2 lần, vào 2 buổi sáng, chiều.","Thanh nhiệt, tiêu đờm, cắt cơn ho.","","","","",""
34,"CHỮA CẢM MẠO, CẢM CÚM","QUẢ TRÁM, CỦ CẢI","Cúm, cảm thông thường.","Mỗi lần dùng 250gr quả trám, 500 - 1000 gr củ cải. Sắc kỹ, lấy nước uống thay nước chè. Uống nhiều lần.","Thanh nhiệt, giải độc, tiêu đờm, cắt cơn ho.","","","","",""
34,"CHỮA CẢM MẠO, CẢM CÚM","TIM LỢN MUỐI","Phong hàn cảm mạo, ho và viêm phế quản.","Lấy 1 quả tim lợn, rửa sạch, để ráo nước. Cho quả tim vào nồi, rắc lên trên quả tim một ít muối, một ít nước. Đun nhỏ lửa trong 1 tiếng, sau đó bỏ muối đi, ăn tim lợn (ăn hết trong 1 lần). Điều trị 2 - 3 lần sẽ có kết quả. Đây là bài thuốc dân gian để chữa phong hàn, cảo mạo.","","","","","",""
34,"CHỮA CẢM MẠO, CẢM CÚM","CỎ HÔI, ĐẬU XANH","Cảm sốt.","Mỗi lần dùng 30gr cỏ hôi tươi, 30 - 50 gr đậu xanh, cho vào 5 bát nước, sắc lấy 2 bát, cho vào thuốc một ít đường đỏ đun sôi trong ít phút. Bỏ bã, uống nước.","Thanh nhiệt, giải độc, cắt cơn ho.","","","","",""
34,"CHỮA CẢM MẠO, CẢM CÚM","HÀNH, NẤM HƯƠNG, SỮA NGƯỜI","Trẻ sơ sinh do phong hàn cảm mạo, sinh ra ngạt mũi, khò khè, chảy nước mắt.","Mỗi lần dùng 1 củ hành, 1 cây nấm hương, 30 - 50 ml sữa người. Cho vào chén sứ, hấp cách thủy, vắt lấy nước, bỏ bã, cho nước thuốc vào vú cao su cho trẻ bú. Bú mỗi ngày 1 lần, điều trị liên tục 2-3 ngày.","Thanh nhiệt, giải độc, tiêu đờm, cắt cơn ho.","","","","",""
34,"CHỮA CẢM MẠO, CẢM CÚM","QUẢ TRÁM, RỄ LAU","","Mỗi lần dùng 30 gr rễ lau, 4 quả trám muối. Tất cả cho vào 2 bát nước, sắc lấy 1 bát, bỏ bã, uống nước.","Thanh nhiệt, ra mồ hôi, giải độc, dễ thở, cắt cơn ho, tiêu đờm.","","","","",""
34,"CHỮA CẢM MẠO, CẢM CÚM","CÚC VẠN THỌ, NƯỚC ĐƯỜNG","Cảm, ho.","Mỗi lần dùng 15 gr cúc vạn thọ. Cho vào 2 bát nước, sắc lấy 1 bát, bỏ bã, uống nước, cho vào 1 ít đường, uống nóng.","Thanh nhiệt, tiêu đờm, cắt cơn ho.","","","","",""
34,"CHỮA CẢM MẠO, CẢM CÚM","RỄ CÂY ĐA, ĐƯỜNG PHÈN","Cảm mạo, phát sốt, ho.","Mỗi lần dùng 30 gr rễ nhỏ của cây đa, một ít đường phèn. Cho vào 2 bát nước, sắc lấy nước uống.","Thanh nhiệt, giải độc, tiêu đờm, cắt cơn ho.","","","","",""
34,"CHỮA CẢM MẠO, CẢM CÚM","NẤU CHÁO GẠO TẺ VỚI GỪNG TƯƠI","Ngoại cảm, phong hàn, ngạt mũi, chảy nước mũi, mắt, ho có đờm.","Mỗi lần dùng 30 - 50 gr gừng tươi, thái nhỏ, gạo rang khoảng 50gr. Tất cả nấu thành cháo, cho vào cháo 1 ít muối, dầu lạc. Ăn nóng (có thể ăn gừng hoặc không).","Ấm trong, trừ lạnh, tiêu đờm, cắt cơn ho.","","","","",""
34,"CHỮA CẢM MẠO, CẢM CÚM","CÂY MÙI, ĐẬU VÀNG","Cảm mạo phong hàn, cúm, phát sốt, nhức đầu.","Mỗi lần dùng 30 gr rau mùi tươi, 50gr đậu vàng. Cho vào 2 bát nước, sắc lấy 1 bát nước, cho vào 1 ít muối. Uống nóng.","Trừ phong, giải độc, tiêu nóng, cắt cơn đau.","","","","",""
34,"CHỮA CẢM MẠO, CẢM CÚM","GỪNG TƯƠI, RAU CẢI","Cảm lạnh, nhức đầu, ho, đờm trắng, tắc đờm.","Mỗi lần dùng 500 gr rau cải tươi, rửa sạch, cắt khúc, gừng tươi 10 gr, cắt lát. Cho vào 4 bát nước, sắc lấy 2 bát. Cho vào 1 ít muối, uống nóng. Mỗi ngày uống 2 lần (rau cải có thể ăn hoặc không).","Thông đờm, bổ phổi.","","","","",""
34,"CHỮA CẢM MẠO, CẢM CÚM","GỪNG, HÀNH, TÍA TÔ, QUẢ TRÁM, HÀNH CỦ","Phong hàn, cảm mạo, phát sốt, nhức đầu, chảy nước mũi, ngứa cổ họng, hắt hơi liên tục.","Mỗi lần dùng 60gr quả trám tươi còn hạt, 15gr củ hành, 10 gr gừng tươi, 10gr tía tô. Cho vào 2 bát nước, sắc lấy 1 bát, cho vào 1 ít muối. Bỏ bã, uống nước.","Giải cảm, tán nhiệt, tiêu đờm, ngừng chảy nước mũi.","","","","",""
34,"CHỮA CẢM MẠO, CẢM CÚM","BẠC HÀ, ĐƯỜNG","Phong nhiệt, cảm mạo (sốt cao, rét nhẹ, nhức đầu, ho, họng đau, mắt đỏ, miệng khô, khát nước, lưỡi đỏ, bựa lưỡi vàng, mạch phù).","Đường trắng 500gr, cho vào nồi nhôm, một ít nước, đem đun nhỏ lửa cho đến khi đặc khô, cho vào 30 gr bột bạc hà hoặc thay bằng 5 ml dầu bạc hà, quấy đều, để nguội.","Thanh nhiệt, trừ phong.","","","","",""
34,"CHỮA CẢM MẠO, CẢM CÚM","NƯỚC DƯA HẤU, CÀ CHUA","Cảm mạo (thường thấy nôn mửa, đi ỉa, ra nhiều mồ hôi, khát nước, mệt mỏi, lưỡi viêm đỏ, bựa lưỡi trắng, biếng ăn, mạch hoạt...).","Dưa hấu bỏ hột, dùng vải sạch gói ép lấy nước, cà chua luộc chín, bỏ hột, vỏ, ép lấy nước. Hòa 2 loại nước lại với nhau uống.","Trừ phong, thanh nhiệt, tiêu thấp.","","","","",""
34,"CHỮA CẢM MẠO, CẢM CÚM","GỪNG NẤU VỚI CÁ TRẮM ĐEN","Thuốc phòng dịch cảm.","Dùng 1 con cá trắm đen khoảng 1000gr, bỏ vây, mang, ruột. Bổ thân cá, cắt lát xếp lên đĩa. Đặt trên vỉ hấp chín. Cho 1 ít rượu, muối, gia vị, hấp tiếp ít phút. Trước khi ăn, băm nhỏ gừng, hành tỏi rắc lên trên cá, tưới dầu ăn lên cá và đun sôi bốc mùi thơm là được. Ăn vào 2 bữa cơm.","Tăng cường khí huyết, bổ thận, giải cảm, giải độc; trong khi có dịch cúm, ăn món này thường xuyên có tác dụng phòng bệnh cúm.","","","","",""
34,"CHỮA CẢM MẠO, CẢM CÚM","HOÀNG KỲ, THỊT NẠC","Thuốc phòng dị ứng cúm.","Thường dùng 50 gr hoàng kỳ sắc lấy nước uống. Hoặc hoàng kỳ hầm với thịt lợn nạc ăn.","Tăng cường sức đề kháng cho cơ thể. Những người cơ thể ốm yếu, dùng bài thuốc này để phòng bệnh cúm rất tốt.","","","","",""
35,"CHỮA CẢM NẮNG","CHÈ ĐẬU XANH, ĐẬU ĐỎ","Phòng cảm nắng","Đậu xanh, đậu đỏ (mỗi loại 1 phần) rửa sạch, cho nước vừa đủ, ninh nhừ, cho đường, quấy đều, ăn.","Thanh nhiệt, giải độc, lợi tiểu. Trong mùa oi nhiệt, thường xuyên ăn chè đậu có tác dụng phòng bệnh cảm nắng, kiết lỵ.","","","","",""
35,"CHỮA CẢM NẮNG","CUỐNG LÁ SEN, LÁ LIỄU NẤU VỚI ĐẬU BIỂN, Ý DĨ","Cảm nắng, toát mồ hôi, nhức đầu, phát sốt, khát nước, có khi sợ lạnh.","Dùng 50 gr cuống lá sen, 5 gr lá liễu, 15 gr hạt ý dĩ, 15 gr biển đậu. Cho vào 3 bát nước, sắc lấy 1 bát nước.","Chống nóng, giảm đau.","","","","",""
35,"CHỮA CẢM NẮNG","NƯỚC QUẢ DƯA HẤU","Cảm nắng, ra mồ hôi nhiều, khát nước.","Dưa hấu ép lấy nước uống. Uống 1 bát nước dưa hấu, có tác dụng bớt ra mồ hôi nhiều, giải nhiệt, khỏi khát nước.","","","","","",""
35,"CHỮA CẢM NẮNG","CỦ CÀ RỐT, CỦ MÃ THẦY","Cảm nắng.","Mỗi lần dùng 150 - 250 gr củ cà rốt, 150- 250 củ mã thầy. Sắc lấy nước uống thay nước chè.","thanh nhiệt, giải độc.","","","","",""
35,"CHỮA CẢM NẮNG","HOA BẤC ĐÈN (CÂY CỎ BẤC), MƯỚP ĐẮNG","Cảm nắng, người nóng, khát nước, nước đái vàng, phong nhiệt, mắt đỏ.","Mỗi lần dùng 4 - 6 cây bấc đèn, 150 - 250 gr mướp đắng (cắt khúc, bỏ vỏ, hạt). Sắc lấy nước uống.","Thanh nhiệt, giải cảm, khỏi khát.","","","","",""
36,"CHỮA VIÊM KHÍ QUẢN CẤP TÍNH","CHÁO HÀNH GẠO NẾP","Viêm phế quản cấp tính do cảm lạnh (bắt đầu ho có đờm, nhức đầu, ngạt mũi, lên cơn sốt rét, bựa lưỡi trắng, mạch phù gấp).","5 củ hành to (có đoạn cây hành vào khoảng 3cm), 60gr gạo nếp, 5 lát gừng tươi cho nước vừa đủ, nấu thành cháo. Cho vào cháo 5ml giấm, ăn nóng. Ăn xong đắp kín chăn để ra mồ hôi.","Tán hàn, ấm trong, giảm ho, thông kinh lạc, sinh máu, giảm đau.","những người ho, nóng, ra nhiều mồ hôi, không dùng bài thuốc này.","","","",""
36,"CHỮA VIÊM KHÍ QUẢN CẤP TÍNH","CHÁO GẠO TẺ, HẠNH NHÂN","Viêm phế quản cấp tính do cảm lạnh (bệnh trạng như trên).","Hạnh nhân 15gr, bỏ vỏ, giã nát lọc lấy nước cho vào 50gr gạo nấu cháo, ăn nóng.","Tán hàn, khỏi ho. Những người hàn cảm mạo, thở hổn hển, trong người bồn chồn, táo bón dùng bài thuốc này rất hiệu nghiệm. Những người âm hư, ho, ỉa lỏng không dùng bài thuốc này.","","","","",""
36,"CHỮA VIÊM KHÍ QUẢN CẤP TÍNH","MẬT ONG, KIM NGÂN HOA","Viêm khí quản cấp tính do phong nhiệt (ho ra nhiều đờm, đau họng, người nóng, miệng khát nước, nhức đầu, sợ gió, bựa lưỡi vàng, mạch phù).","Kim ngân hoa 30gr, nước 500ml, sắc lấy nước, bỏ bã, cho mật ong vào quấy đều. Chia làm 3 - 4 lần, uống hết trong ngày.","Mát phổi, cắt cơn ho. Phòng cúm, chữa ho khan, mát phổi rất công hiệu.","","","","",""
36,"CHỮA VIÊM KHÍ QUẢN CẤP TÍNH","LÁ DÂU, HẠNH NHÂN","Viêm phế quản cấp tính do phong nhiệt (bệnh trạng như trên).","Lá dâu 10 gr, hạnh nhân, bối mẫu, vỏ quả lê mỗi thứ 15 gr, đường phèn 10 gr. Sắc lấy nước uống, uống thay nước chè.","trừ phong nhiệt, tiêu đờm, cắt cơn ho. Sau khi khỏi viêm khí quản cấp tính vẫn còn sốt nhẹ, ho khan, không có đờm vẫn tiếp tục uống bài thuốc này.","","","","",""
36,"CHỮA VIÊM KHÍ QUẢN CẤP TÍNH","CHÁO GẠO TẺ VỚI CÂY HUỆ, HẠNH NHÂN","Viêm khí quản cấp tính do cảm nóng (nóng nực ra mồ hôi, ho không có đờm hoặc đờm ít không thông đờm, họng đau, miệng khô, khát, sốt cao, nôn nao, lưỡi đỏ, bựa lưỡi trắng, khô, đi ỉa táo bón, nước đái vàng).","Cây hoa huệ tươi 50gr, hạnh nhân 10 gr (bỏ vỏ, giã nát), gạo tẻ 50 gr. Cho nước vừa đủ, nấu cháo. Cháo chín cho vào một ít đường trắng. Ăn nóng.","Mát phổi, khỏi ho, tĩnh tâm, an thần.","Những người ho do cảm lạnh, tỳ vị hư không được dùng bài thuốc này.","","","",""
36,"CHỮA VIÊM KHÍ QUẢN CẤP TÍNH","NƯỚC HẠNH LÊ","Viêm khí quản cấp tính do cảm nóng (bệnh trạng như trên).","Hạnh nhân 10gr (cắt bỏ vỏ đầu nhọn), 1 quả lê, bỏ hột, thái miếng, cho nước vừa đủ, ninh nhừ. Quấy vào 1 ít đường trắng. Uống cả ngày.","Mát phổi, tiêu đờm, cắt cơn ho.","","","","",""
36,"CHỮA VIÊM KHÍ QUẢN CẤP TÍNH","LÁ DÂU, SA SÂM, MẠCH MÔN...","Viêm khí quản cấp tính do cảm nóng (bệnh trạng như trên).","Lá dâu, thạch cao sống mỗi thứ 30gr, cam thảo 10gr. Thạch cao sống cho vào 500ml nước sắc trong 30 phút, sau đó cho các vị thuốc khác vào, tiếp tục sắc kỹ, lọc bỏ bã, lấy nước. Cho đường hoặc nước quả lê vào thuốc, quấy đều, uống cả ngày, uống thay nước chè.","Mát phổi, khỏi ho.","Những người hư hàn, ôn thịnh không được dùng.","","","",""
36,"CHỮA VIÊM KHÍ QUẢN CẤP TÍNH","CHÁO GẠO NẾP VỚI CÁ CHÉP","Viêm khí quản cấp tính.","Lấy 1 con cá chép, đánh sạch vẩy, dùng đất dẻo bọc kín, nướng trên bếp than. Khi cá chín, bóc bỏ lớp đất, lấy cá cho vào nồi cháo gạo nếp. Ăn lúc đói. Mỗi ngày ăn 1 lần.","","","","","",""
36,"CHỮA VIÊM KHÍ QUẢN CẤP TÍNH","NUỐT MẬT NGỖNG","Viêm khí quản cấp tính.","Mỗi lần dùng 1 chiếc mật ngỗng. Mỗi ngày 1 - 2 lần.","","","","","",""
36,"CHỮA VIÊM KHÍ QUẢN CẤP TÍNH","GÀ GÔ, SA SÂM, NGỌC TRÚC","Viêm khí quản cấp tính.","Gà gô 1 con, bỏ lông, ruột, rửa sạch. Ninh nhừ ăn, hoặc cho sa sâm, ngọc trúc vào bụng gà, ninh nhừ ăn. Chim cút cũng có tác dụng như gà gô.","","","","","",""
37,"CHỮA VIÊM KHÍ QUẢN MẠN TÍNH","CHÁO PHỤC LINH, Ý DĨ","Viêm khí quản mạn tính. (Ho ra nhiều đờm, đờm trắng lỏng hoặc có nhiều bọt, ngực đau tức, bựa trắng, nhầy, mạch nhu, hoạt).","Hạt ý dĩ 60 gr, bột phục linh 15 gr, cho nước vừa đủ, nấu thành cháo. Bài thuốc này dùng chữa chứng tỳ hư, thấp thịnh sinh đờm đặc rất công hiệu. Người cao tuổi tỳ hư thấp thịnh dùng lâu dài sẽ có hiệu quả.","","","","","",""
37,"CHỮA VIÊM KHÍ QUẢN MẠN TÍNH","CHÁO TÍA TÔ, GẠO TẺ","Viêm khí quản mạn tính (bệnh trạng như trên).","Tử tô 15 gr, giã nát, cho vào 100 gr gạo tẻ, nước vừa đủ, nấu thành cháo. Cháo chín cho vào ít đường. Mỗi ngày ăn 2 lần.","- Hạ khí, tiêu đờm, giảm ho, nhuận phổi. Chữa tức ngực, thở dốc cũng có hiệu quả (nhưng phải điều trị lâu).","- Người cao tuổi, mắc chứng đi ỉa lỏng không dùng bài thuốc này.","","","",""
37,"CHỮA VIÊM KHÍ QUẢN MẠN TÍNH","CHÁO HOÀNG KỲ GẠO TẺ","Viêm khí quản, mạn tính do phù, thận, khí hư. (khi ho mặt tái, tiếng nhỏ hơi ngắn, bựa lưỡi mỏng, nhạt miệng, mạch vi nhược).","Hoàng kỳ 20 gr, gạo tẻ 60 gr, nấu thành cháo, cho vào cháo 1 ít đường trắng. Ăn nóng.","Bổ dưỡng ngũ tạng, thanh hư, bổ phổi, thận, tim.","Người bị cảm sốt không được dùng bài thuốc này.","","","",""
37,"CHỮA VIÊM KHÍ QUẢN MẠN TÍNH","HẠNH NHÂN, HỒ ĐÀO...","Viêm khí quản mạn tính do phế, thận, khí hư (bệnh trạng như trên).","Quả ngân hạnh và điểm hạnh nhân mỗi thứ 100 gr, hồ đào và lạc nhân mỗi thứ 20 gr, giã nhỏ, trộn đều. Hàng ngày, mỗi bữa sáng, chiều lấy 20 gr cho vào 1 bát nước. Đun sôi, lấy 1 quả trứng gà, một ít đường phèn cho vào thuốc, quấy đều, đun tiếp, trứng chín là ăn được. Điều trị nửa năm liên tục có thể chữa khỏi.","Bổ thận, nhuận phổi, khí hư bình ổn, người cao tuổi viêm khí quản mạn tính, sưng phổi dùng bài thuốc này rất hiệu nghiệm.","","","","",""
37,"CHỮA VIÊM KHÍ QUẢN MẠN TÍNH","NGŨ VỊ TỬ NGÂM TRỨNG GÀ","Viêm khí quản mạn tính do phế, thận, khí hư (bệnh trạng như trên).","Dùng 250 gr ngũ vị tử Bắc, 10 quả trứng gà vỏ màu hồng. Trước hết đem ngũ vị tử sắc lấy nước, để nguội, sau đó đập 10 quả trứng gà vào ngâm 6 - 7 ngày. Hàng ngày, mỗi buổi sớm chiều uống với nước sôi hoặc rượu nóng. Khi uống cho vào một ít đường.","Bổ phổi, thận, giảm ho. Chữa khí nóng, phòng tái phát rất tốt.","Những người có đờm vàng nóng không được dùng bài thuốc này.","","","",""
37,"CHỮA VIÊM KHÍ QUẢN MẠN TÍNH","NGỌC TRÚC, SA SÂM HẦM VỊT","Viêm khí quản mạn tính, nóng phổi, ho khan.","Mỗi lần dùng 30 - 50 gr ngọc trúc, 30 - 50 gr sa sâm, một nửa hoặc cả con vịt. Vịt làm sạch lông, bỏ ruột. Cho vịt, thuốc, nước vừa đủ ninh nhừ (đun nhỏ lửa trong 1 tiếng), cho thêm gia vị. Ăn thịt, uống nước.","Mát phổi, tiêu viêm, khỏi ho.","","","","",""
37,"CHỮA VIÊM KHÍ QUẢN MẠN TÍNH","HẠT SEN, BÁCH HỢP HẦM THỊT NẠC","Viêm khí quản mạn tính.","Hạt sen và bách hợp mỗi thứ 30 gr, thịt lợn nạc 200 - 250 gr. Cho vào nước, ninh nhừ. Ăn nóng.","Mát phổi, giảm ho, tiêu viêm.","","","","",""
37,"CHỮA VIÊM KHÍ QUẢN MẠN TÍNH","ĐƯỜNG TRẮNG HẤP VỚI CON DƠI","Viêm khí quản mạn tính.","Mỗi lần lấy 1 con dơi tương đối to, bỏ lông, móng, ruột gan, trộn vào 1 ít nước, 1 ít đường trắng. Hấp cách thủy. Uống nước (thịt dơi có thể ăn, có thể không ăn).","Mát phổi, giải độc.","","","","",""
37,"CHỮA VIÊM KHÍ QUẢN MẠN TÍNH","QUẢ BƯỞI HẤP VỚI THỊT GÀ TRỐNG","Viêm khí quản mạn tính.","Mỗi lần dùng 1 quả bưởi (loại bưởi để cách năm qua mùa đông là tốt nhất), bỏ vỏ. Gà trống 1 con khoảng 500 gr. Trước hết làm gà sạch lông, bỏ ruột, rửa sạch, sau đó cho bưởi vào trong bụng gà. Hấp cách thủy, uống nước, ăn thịt gà. Hai tuần ăn 1 lần, điều trị liên tục 3 lần.","Bổ phổi, tăng cường khí huyết, tiêu viêm, khỏi ho.","","","","",""
37,"CHỮA VIÊM KHÍ QUẢN MẠN TÍNH","CƠM NẾP NƯỚC GỪNG PHỔI BÒ","Viêm khí quản mạn tính.","Mỗi lần dùng 150 - 200 gr phổi bò và một ít gạo nếp (tùy nhu cầu). Đun nhỏ lửa, thổi chín cơm gạo nếp, cho vào 10 - 15 ml nước gừng quấy đều.","Nhuận phổi, tiêu đờm, khỏi ho.","","","","",""
37,"CHỮA VIÊM KHÍ QUẢN MẠN TÍNH","TÁO TÀU, ĐƯỜNG ĐỎ NẤU VỚI BÍ NGÔ","Bệnh viêm khí quản ở người cao tuổi.","Mỗi lần dùng 500 gr bí ngô (bỏ vỏ) 15 - 20 quả táo (bỏ hạt), một ít đường đỏ. Nấu nhừ thành cháo, ăn nóng.","Bổ phổi, tiêu đờm, khỏi ho.","","","","",""
37,"CHỮA VIÊM KHÍ QUẢN MẠN TÍNH","QUẢ TRÁM, CỦ CẢI","Viêm khí quản mạn tính.","Mỗi lần dùng 250 gr quả trám, 500 - 1000 gr củ cải. Sắc lấy nước uống, giải độc, tiêu viêm.","","","","","",""
37,"CHỮA VIÊM KHÍ QUẢN MẠN TÍNH","QUẢ TIM LỢN NẤU VỚI MUỐI","Viêm khí quản mạn tính.","Dùng 1 quả tim lợn tươi, rửa sạch, để ráo nước, cho quả tim vào nồi, cho 1 ít nước, rắc muối lên trên. Đun nhỏ lửa trong 1 tiếng. Gạt bỏ muối đi, ăn quả tim lúc còn nóng. Điều trị một vài lần sẽ có kết quả.","","","","","",""
37,"CHỮA VIÊM KHÍ QUẢN MẠN TÍNH","MẬT ONG HẤP CỦ CẢI","Viêm khí quản mạn tính, ho.","Mỗi lần dùng 300 gr, củ cải, 60 gr mật ong. Củ cải rửa sạch, gọt bỏ vỏ, khoét rỗng giữa, cho mật ong vào trong. Hấp cách thủy, ăn nóng.","Nhuận phổi, giảm ho, tiêu đờm.","","","","",""
37,"CHỮA VIÊM KHÍ QUẢN MẠN TÍNH","CÚC VẠN THỌ SẮC VỚI NƯỚC ĐƯỜNG","Viêm khí quản mạn tính.","Mỗi lần dùng 15 gr hoa cúc vạn thọ, cho vào 2 bát nước, sắc lấy 1 bát, bỏ bã, cho vào 1 ít đường đỏ, quấy đều, uống nóng.","Thanh nhiệt, tiêu đờm, khỏi ho.","","","","",""
37,"CHỮA VIÊM KHÍ QUẢN MẠN TÍNH","LÁ CHÈ NẤU VỚI TRỨNG GÀ","Viêm khí quản mạn tính.","Mỗi lần dùng 15 gr lá chè xanh, 2 quả trứng gà. Cho vào 1 bát nước, đun sôi. Trứng chín vớt ra bóc bỏ vỏ. Cho trứng vào nước chè tiếp tục đun cho đến khi cạn nước. Ăn trứng.","Thanh nhiệt, tiêu đờm, khỏi ho.","","","","",""
37,"CHỮA VIÊM KHÍ QUẢN MẠN TÍNH","PHỔI LỢN, RAU DIẾP CÁ","Viêm khí quản mạn tính.","Mỗi lần dùng 60 gr rau diếp cá, 200 gr phổi lợn rửa sạch. Phổi lợn thái nhỏ, lấy tay bóp hết bọt nước. Cho nước vừa đủ, ninh nhừ cho thêm gia vị. Ăn cái, uống nước.","","","","","",""
37,"CHỮA VIÊM KHÍ QUẢN MẠN TÍNH","ĐÔNG TRÙNG HẠ THẢO HẤP VỚI CUỐNG NHAU THAI NHI","Viêm khí quản mạn tính ở người cao tuổi.","Mỗi lần dùng 10 - 15 gr đông trùng hạ thảo, 1 cuống nhau thai nhi tươi. Hấp cách thủy. Thường ăn một, hai lần sẽ có kết quả.","Bổ phổi, tiêu đờm, tiêu viêm. Bài thuốc này là món ăn tẩm bổ rất quý.","","","","",""
37,"CHỮA VIÊM KHÍ QUẢN MẠN TÍNH","HẠT DẺ, BÍ ĐAO SẮC VỚI ĐƯỜNG","Người cao tuổi bị sốt viêm khí quản mạn tính.","Mỗi lần dùng 20 - 40 gr vỏ hạt dẻ, 30 - 60 gr bí đao. Sắc lấy nước pha đường uống, uống thường xuyên. Mỗi ngày 1 thang. Điều trị liên tục 4 - 6 thang sẽ có kết quả.","Giải cơn sốt, giảm nóng, tiêu đờm, tiêu viêm.","","","","",""
37,"CHỮA VIÊM KHÍ QUẢN MẠN TÍNH","CHIM SẺ ĐƯỜNG PHÈN HẤP CÁCH THỦY","Người cao tuổi bị viêm khí quản mạn tính","Mỗi lần dùng 2 con chim sẻ, làm sạch lông, bỏ mật, 15 - 20 gr đường phèn. Hấp cách thủy. Mỗi ngày ăn 1 lần. Điều trị liên tục 3 - 5 lần.","Nhuận phổi, tiêu đờm, tiêu viêm.","","","","",""
37,"CHỮA VIÊM KHÍ QUẢN MẠN TÍNH","HẠNH NHÂN HẤP VỚI QUẢ LÊ","Viêm khí quản mạn tính, ho khan.","Mỗi lần dùng 10 gr hạnh nhân, 1 quả lê, 30 - 50 gr đường trắng. Hấp cách thủy trong 1 tiếng. Ăn quả lê, uống nước.","Thanh nhiệt, ra mồ hôi, tiêu đờm, khỏi ho.","","","","",""
37,"CHỮA VIÊM KHÍ QUẢN MẠN TÍNH","HOÀI SƠN HẤP VỚI NƯỚC MÍA","Viêm khí quản mạn tính ho lâu ngày.","Mỗi ngày dùng 60 gr hoài sơn, tán nhỏ, cho vào 1/2 bát nước mía. Hấp cách thủy, ăn nóng.","Bổ tỳ, nhuận phổi, tiêu viêm, khỏi ho.","","","","",""
37,"CHỮA VIÊM KHÍ QUẢN MẠN TÍNH","NƯỚC GỪNG, HẠNH NHÂN HẤP VỚI PHỔI LỢN","Người cao tuổi viêm khí quản mạn tính, ho nhiều đờm lạnh, ho lâu ngày không khỏi.","Mỗi ngày dùng 250 gr phổi lợn, thái nhỏ, rửa sạch, để ráo nước, cho vào 10 gr hạnh nhân nước vừa đủ. Ninh nhừ, sau đó cho vào 1 - 2 thìa nước gừng, một ít muối. Ăn cái, uống nước.","Bổ phổi, tiêu đờm, khỏi ho.","","","","",""
37,"CHỮA VIÊM KHÍ QUẢN MẠN TÍNH","ĐƯỜNG PHÈN HẤP VỚI QUẢ HỒNG","Viêm khí quản mạn tính, ho khan.","Mỗi lần dùng 3 quả hồng, rửa sạch, cho vào ít đường phèn. Hấp cách thủy.","Nhuận phổi, tiêu viêm, khỏi ho.","","","","",""
37,"CHỮA VIÊM KHÍ QUẢN MẠN TÍNH","TÁO TÀU, CAM THẢO","Viêm khí quản mạn tính, ho.","Mỗi lần dùng 6 - 8 quả táo, 6 gr cam thảo tươi. Cho vào 2 bát nước, sắc lấy 1 bát, bỏ bã, uống nước.","Giải độc, nhuận phổi, tiêu đờm, khỏi ho.","","","","",""
37,"CHỮA VIÊM KHÍ QUẢN MẠN TÍNH","ĐƯỜNG PHÈN NẤU VỚI HẠNH NHÂN","Viêm khí quản mạn tính, ho khan.","Mỗi lần dùng 15 gr hạnh nhân nam, 3 gr hạnh nhân bắc, luộc chín, bỏ vỏ. Lấy 50 gr gạo tẻ trộn với hạnh nhân, nấu thành cháo, cho vào cháo 1 ít đường phèn.","Nhuận phổi, tiêu đờm, hạ khí, khỏi ho.","","","","",""
37,"CHỮA VIÊM KHÍ QUẢN MẠN TÍNH","LẠC NHÂN NẤU VỚI ĐƯỜNG PHÈN","Viêm khí quản mạn tính, ho khan ít đờm.","Mỗi lần dùng 100 - 150 gr lạc nhân, cho vào 1 ít đường phèn và nước vừa đủ. Đun sôi kỹ cho lạc chín nhừ. Ăn lạc, uống nước.","Khỏi ho khan, tiêu đờm, nước dãi.","","","","",""
37,"CHỮA VIÊM KHÍ QUẢN MẠN TÍNH","PHỔI LỢN NẤU VỚI LÁ CHANH","Viêm khí quản mạn tính, ho lâu ngày không khỏi, cổ họng ngứa, đờm trắng, ít, và ho lâu dẫn đến đau vùng lườn, tức ngực.","Mỗi lần dùng 15 gr lá chanh, 150 - 200 gr phổi lợn. Phổi lợn rửa sạch thái nhỏ, bóp hết bọt nước. Cho một ít nước, một ít muối vào phổi lợn, lá chanh, nấu chín kỹ. Ăn cả cái lẫn nước.","Long đờm, khỏi ho, giảm đau cổ họng.","","","","",""
37,"CHỮA VIÊM KHÍ QUẢN MẠN TÍNH","CANH RAU CẢI TRẮNG KHÔ VỚI TÁO TÀU, ĐẬU PHỤ","Viêm khí quản mạn tính ở người cao tuổi.","Mỗi lần dùng 100 gr rau cải khô, 50 gr đậu phụ, 10 quả táo. Ninh nhừ, cho vào 1 ít dầu ăn, một ít muối. Ăn vào 2 bữa cơm trong ngày.","Mát phổi, tiêu viêm, khỏi ho.","","","","",""
37,"CHỮA VIÊM KHÍ QUẢN MẠN TÍNH","BỘT LINH CHI HẤP VỚI THỊT LỢN NẠC","Người cao tuổi viêm khí quản mạn tính.","Mỗi lần dùng 9 gr linh chi tán nhỏ, 100 gr thịt lợn nạc. Thịt băm nhỏ, trộn đều với bột linh chi, cho vào 1 ít dầu ăn, một ít muối. Hấp cách thủy. Ăn vào 2 bữa cơm.","Tăng cường khí huyết, khỏi ho.","","","","",""
37,"CHỮA VIÊM KHÍ QUẢN MẠN TÍNH","ĐÔNG TRÙNG HẠ THẢO, HẤP CÁCH THỦY","Viêm khí quản mạn tính, ho khan của người cao tuổi.","Mỗi lần dùng 1 con vịt, làm sạch lông, bỏ ruột. Lấy 10 - 12 gr đông trùng hạ thảo, rửa sạch cho vào trong con vịt. Hấp cách thủy. Ăn thịt, uống nước.","Mát phổi, tăng cường khí huyết, tiêu đờm, khỏi ho.","","","","",""
37,"CHỮA VIÊM KHÍ QUẢN MẠN TÍNH","HẠT DẺ HẦM VỚI THỊT LỢN NẠC","Người cao tuổi bị viêm khí quản mạn tính.","Mỗi lần dùng 250 gr hạt dẻ (bóc bỏ vỏ), 200 gr thịt lợn nạc, rửa sạch, thái miếng. Cho đủ nước và một ít muối. Ninh nhừ. Ăn thịt, uống nước.","Tăng cường khí huyết, khỏi ho, tiêu viêm.","","","","",""
37,"CHỮA VIÊM KHÍ QUẢN MẠN TÍNH","DẦU VỪNG NẤU VỚI THỊT DƠI","Viêm khí quản mạn tính.","Mỗi lần dùng 1 con dơi, làm sạch lông, chặt bỏ đầu, chân, ruột gan. Cho vào 250 gr dầu vừng, ninh nhừ thịt dơi trong dầu vừng. Lọc bỏ bã, lấy nước dầu vừng, chia làm 3 ngày, nấu với rau để ăn.","Hạ khí, khỏi ho, nhuận phổi.","","","","",""
37,"CHỮA VIÊM KHÍ QUẢN MẠN TÍNH","GỪNG TƯƠI SẤY VỚI QUẢ HỒNG KHÔ","Viêm khí quản mạn tính.","Mỗi lần dùng 3 - 6 gr gừng tươi rửa sạch, bỏ vỏ, lấy 1 quả hồng khô, bổ dọc quả hồng thành mảnh, kẹp lát gừng tươi vào giữa. Sấy trên ngọn lửa nhỏ 1 lúc. Bỏ gừng, ăn quả hồng, hoặc ăn cả gừng lẫn hồng.","Bổ phổi, tiêu đờm, khỏi ho.","","","","",""
37,"CHỮA VIÊM KHÍ QUẢN MẠN TÍNH","CÁ DIẾC ĂN VỚI GỪNG BÁN HẠ","Viêm khí quản mạn tính.","Cá diếc bỏ ruột, sấy khô, nghiền nhỏ. Mỗi lần uống 5 gr bột cá với 3g bột gừng, bán hạ. Uống với nước cơm. Mỗi ngày uống 3 lần.","Bổ phổi, tiêu đờm, khỏi ho.","","","","",""
37,"CHỮA VIÊM KHÍ QUẢN MẠN TÍNH","BẠCH CẬP HẤP VỚI TỔ YẾN","Người bị viêm khí quản mạn tính.","Mỗi lần dùng 6 - 9 gr bạch cập, 6 - 9 gr tổ yến. Hấp cách thủy cho đến khi nhừ nát, lọc lấy nước, bỏ bã. Cho vào 1 ít đường phèn, đun tiếp 1 vài phút. Mỗi ngày ăn 1 - 2 lần.","Bổ phổi, tiêu đờm, khỏi ho, tiêu viêm. Đây là bài thuốc dân gian dùng bồi dưỡng cơ thể.","","","","",""
37,"CHỮA VIÊM KHÍ QUẢN MẠN TÍNH","TRỨNG GÀ NƯỚNG BỌC CÓC","Viêm khí quản mạn tính.","Lấy 1 con cóc sống, mổ bỏ hết nội tạng. Lấy 1 quả trứng gà, đặt vào trong bụng cóc, dùng đất dẻo bọc kín, nướng cháy trên lò than. Bỏ đất và con cóc đi, chỉ ăn trứng gà đã nướng. Hàng ngày, sáng sớm ăn 1 quả trứng gà. Người bệnh nặng, ăn trong 5 ngày (kiêng hút thuốc, kiêng ăn mỡ). Bài thuốc này có tác dụng chữa thở khò khè.","","","","","",""
37,"CHỮA VIÊM KHÍ QUẢN MẠN TÍNH","KẸO HẠNH NHÂN","Viêm khí quản mạn tính.","Hạnh nhân, đường phèn tán nhỏ, trộn đều, chế biến thành kẹo hạnh nhân. Mỗi buổi sáng chiều ăn 9 gr kẹo. Mỗi đợt điều trị 10 ngày.","Tiêu viêm, giải độc, khỏi ho.","","","","",""
37,"CHỮA VIÊM KHÍ QUẢN MẠN TÍNH","NHÂN QUẢ THÔNG TẨM ĐƯỜNG","Người già viêm khí quản mạn tính (thở hụt hơi, mệt mỏi, hay toát mồ hôi, da tái xám, ăn kém, nhạt miệng, mạch vi nhược).","Đường trắng 500 gr, cho 1 ít nước, đun nhỏ lửa cho đến khi khô, đường kéo thành sợi, không dính thì ngừng đun. Cho 250 gr nhân quả thông vào đun tiếp, quấy đều, đổ ra đĩa to, để nguội, cắt thành miếng.","Nhuận phổi, bổ tỳ, giảm ho.","","","","",""
37,"CHỮA VIÊM KHÍ QUẢN MẠN TÍNH","CHÁO TRỨNG GÀ NGÂN HẠNH, HẠNH NHÂN, HỒ ĐÀO, LẠC","Viêm khí quản mạn tính.","Ngân hạnh, hạnh nhân 1 phần, hồ đào, lạc nhân 2 phần. Tán nhỏ, trộn đều. Mỗi buổi sáng sớm, dùng 20 gr bột hỗn hợp trên và 1 quả trứng gà, nấu 1 bát cháo, ăn nóng. Ăn liên tục trong nửa năm. Thường bắt đầu ăn từ đầu mùa thu (trước khi bệnh viêm khí quản phát sinh, khi chưa rét), cho đến hết mùa xuân sang năm sau (khi thời tiết ấm áp).","- Bổ thận, nhuận phổi, giải độc, tiêu viêm. Dùng phối hợp chữa sưng phổi rất tốt.","","","","",""
38,"CHỮA THỞ KHÒ KHÈ","NẤU CHÁO LÁ TÍA TÔ","Thở khò khè do cảm lạnh (thở gấp, hơi ngắn, trong cổ họng có đờm loãng trắng, có tiếng khò khè, rét dữ dội không ra mồ hôi, nhức đầu, thân thể mệt mỏi, bựa lưỡi trắng, mỏng).","Trước tiên dùng 500 gr gạo tẻ nấu thành cháo, cháo chín nhừ, cho vào 10 - 15 gr lá tía tô, đun tiếp cháo sôi lên là được. Mỗi ngày ăn 2 lần.","Giải cảm, dễ thở, tán hàn, khí huyết lưu thông, giảm đau. Bài thuốc này điều trị cảm lạnh, ho, tức ngực có hiệu quả.","Những người cảm nóng sốt không được dùng.","","","",""
38,"CHỮA THỞ KHÒ KHÈ","CHÁO GẠO NẾP VỚI GỪNG, TÁO TÀU","Thở khò khè cảm lạnh (bệnh trạng như trên).","Gừng tươi thái nhỏ, táo 2 quả, gạo nếp 150 gr. Cho nước vừa đủ, nấu thành cháo.","giải cảm, tán hàn, tiêu đờm, tăng cường điều hòa khí huyết, bổ tỳ, vị. Người cao tuổi cũng dùng được bài thuốc này.","","","","",""
38,"CHỮA THỞ KHÒ KHÈ","BỘT ĐÌNH LỊCH NẤU VỚI TÁO TÀU","Thở khò khè do cảm nóng (thở có tiếng khò khè, sốt cao, bứt rứt, miệng khát, thèm uống, đờm đặc vàng, hoặc trắng dính, bựa lưỡi vàng nhầy, mạch hoạt).","Quả đình lịch 10 gr sao vàng, tán nhỏ, táo 20 quả. Cho táo vào 500 ml sắc lấy 200 ml, cho bột đình lịch vào, quấy đều, đun tiếp trong 10 phút gạn lấy nước uống.","Tiêu đờm, dễ thở, khí huyết lưu thông.","Những người cơ thể hư nhược cần thận trọng khi dùng bài thuốc này.","","","",""
38,"CHỮA THỞ KHÒ KHÈ","CAO HẠNH NHÂN, MẬT ONG","Thở khò khè do cảm nóng (bệnh trạng như trên).","Hạnh nhân (bỏ vỏ, đầu nhọn) 30 gr, nước 200 ml nghiền thành nước, cho 120 gr mật ong tươi, 12 gr cam thảo vào. Sắc kỹ, cô đặc thành cao. Mỗi lần uống 10 ml, ngày uống 2 lần, uống sau bữa ăn.","Nhuận phổi, thanh nhiệt, dễ thở, khỏi ho. Bài thuốc này có tác dụng chữa chứng nóng phổi thở khò khè, thông đại tiện. Những người phổi khí hư cũng dùng được.","","","","",""
38,"CHỮA THỞ KHÒ KHÈ","CHÁO CAO A GIAO BỔ PHỔI","Thở khò khè do cảm nóng (bệnh trạng như trên).","Gạo nếp 30 gr, hạnh nhân 10 gr, cao A Giao 15 gr, nam mộc hương 10 gr. Dùng nước vừa đủ, trước hết sắc kỹ hạnh nhân, nam mộc hương lấy nước, bỏ bã. Cho gạo nếp vào nấu thành cháo. Cao A Giao hòa tan vào nước rồi cho vào cháo, cho vào cháo 1 ít đường phèn, đun sôi quấy đều.","Mát phổi, hạ nhiệt, bổ trung ích khí, khỏi ho, dễ thở. Bài thuốc này chữa chứng phế hư hỏa thịnh, ho, thở dốc rất công hiệu. Những người ho trong đờm có lẫn máu cũng có thể dùng bài thuốc này.","","","","",""
38,"CHỮA THỞ KHÒ KHÈ","CAO HOÀNG KỲ, CAM THẢO, MẬT ONG...","Khó thở (người cao tuổi, cơ thể suy nhược, bệnh kéo dài, thở hụt hơi, sợ gió, thở khó, ra mồ hôi trộm, ăn yếu, mạch hư nhược).","Hoàng kỳ tươi 20 gr, thạch cao 10 gr, mật ong 30 gr cam thảo 6 gr, bột sơn dược 10 gr, rễ cỏ tranh tươi 20 gr. Trước hết đem hoàng kỳ, thạch cao, rễ cỏ tranh sắc trong 30 phút, bỏ bã, lấy 2 cốc nước. Cho cam thảo, bột sơn dược vào sắc tiếp, quấy đều, cô đặc, cho mật ong vào, đun sôi, để nguội. Chia làm 3 lần uống hết trong ngày.","Giúp phổi điều hòa âm dương, thở nhịp nhàng, tự nhiên.","","","","",""
38,"CHỮA THỞ KHÒ KHÈ","HỒ ĐÀO SẮC VỚI NHÂN SÂM","Thở khò khè (bệnh trạng như trên).","Quả hồ đào 20 gr (bỏ vỏ), nhân sâm 6 gr hoặc đẳng sâm 20 gr, gừng tươi 3 lát. Cho nước vừa đủ, sắc lấy 200 ml, vớt bỏ gừng ra, cho vào một ít đường phèn, quấy đều. Mỗi ngày uống 1 lần, uống trước khi đi ngủ.","Bổ thận, bổ phổi, thở dễ, đại bổ nguyên khí, ấm dạ, tiêu đờm. Chữa chứng hư hàn thận yếu có hiệu quả.","những người ho có máu trong đờm, âm hư, nhiệt... không được dùng bài thuốc này.","","","",""
38,"CHỮA THỞ KHÒ KHÈ","CHÁO KHIẾM THỰC, HỒ ĐÀO, TÁO TÀU","Thở khó (bệnh trạng như trên).","Khiếm thực 100 gr (tán nhỏ) nhân hồ đào 200 gr (tán nhỏ), táo 20 quả (bỏ hạt). Cho vào 1 ít đường, nước vừa đủ, hầm kỹ. Mỗi ngày ăn 2 lần.","- Bổ trung ích khí, bổ phổi, thở ổn định. Chữa khỏi chứng tỳ thận hư, thở khó. Người cao tuổi mắc chứng khó thở dùng rất tốt.","","","","",""
38,"CHỮA THỞ KHÒ KHÈ","NHÂN QUẢ HỒ ĐÀO SẮC VỚI QUẢ HỒNG KHÔ","Khó thở (bệnh trạng như trên).","Nhân hồ đào, hồng khô mỗi thứ 500 gr. Trước hết cho nhân hồ đào vào sắc kỹ, vớt ra cho vào bình trộn với quả hồng khô đã hấp chín. Để nguội, ăn tùy ý.","Mát phổi, tăng cường khí huyết, tiêu đờm, giảm nóng, dễ thở, khỏi ho.","","","","",""
38,"CHỮA THỞ KHÒ KHÈ","CANH CỦ CẢI TRỨNG GÀ","Thở khó do dị ứng (những người hay mắc chứng do dị ứng, mỗi khi gió lạnh, hít phải bụi, ăn tôm cá, hoặc đường hô hấp bị nhiễm vi khuẩn độc hại. Khi mắc bệnh thường khạc ra đờm, hay ngáp, dễ bực bội toát mồ hôi, hết cơn thì trở lại bình thường).","Về mùa đông, chọn một số cây cải củ to, khoét lỗ, đủ nhét quả trứng gà vào (đầu trứng gà to hướng lên trên). Trồng cây cải củ vào chậu, giữ cho cây sống, sau 81 ngày, nhổ củ lên rửa sạch, cắt nhỏ, nấu chín nhừ, đập trứng gà vào nồi canh. Không cho muối, ăn canh. Vì khi trời giá rét, nói chung trứng gà không ung thối, nếu trứng ung thối biến chất thì không dùng được. Bài thuốc chữa bệnh thở khò khè rất tốt.","","","","","",""
38,"CHỮA THỞ KHÒ KHÈ","HẠT CỦ CẢI SẮC VỚI HẠNH NHÂN","Thở khò khè, đờm nhiều, hơi ngắn","Hạt cải củ 20 gr, hạnh nhân 20 gr. Trước hết đem hạt cải sao vàng, bỏ đầu nhọn hạt hạnh nhân. Cho vào 1 bát rưỡi nước, sắc lấy nửa bát, uống.","Tăng cường khí huyết, tiêu đờm, dễ thở.","","","","",""
38,"CHỮA THỞ KHÒ KHÈ","BỘT MAI MỰC TRỘN ĐƯỜNG ĐỎ","Thở khò khè, đờm nhiều, hụt hơi, thở gấp.","Mai mực sấy khô tán thành bột, mỗi lần dùng 15 gr hòa với đường đỏ uống. Mỗi buổi sáng chiều uống 1 lần.","Tăng cường khí huyết, tiêu đờm, thở ổn định.","","","","",""
38,"CHỮA THỞ KHÒ KHÈ","QUẢ HẠNH ĐÀO, HẠNH NHÂN, GỪNG TƯƠI LUYỆN VỚI CÁM","Thở khò khè, cơ thể suy nhược.","Quả hạnh đào 50 gr, khổ hạnh nhân 50 gr (cắt đầu nhọn), gừng tươi 50 gr, cám gạo 100 gr. Tất cả đem sao vàng, tán nhỏ, trộn với mật ong chế thành thuốc viên. Mỗi viên khoảng 9 gr. Uống trước lúc đi ngủ. Mỗi lần 2 viên.","Bổ khí huyết, tiêu đờm, thở ổn định.","","","","",""
38,"CHỮA THỞ KHÒ KHÈ","GÀ MÁI ĐEN NẤU VỚI GIẤM CHUA","Thở khò khè, cơ thể suy nhược.","Dùng 1 con gà mái đen, 2000 gr giấm. Gà làm sạch lông, bỏ ruột, chặt miếng, cho vào hầm với giấm chua. Ăn nóng.","Bổ khí huyết, dễ thở.","","","","",""
38,"CHỮA THỞ KHÒ KHÈ","GÀ MÁI VÀNG HẤP VỚI BỘT CA-RI","Mắc chứng khó thở kéo dài, cơ thể suy nhược.","Dùng 1 con gà mái vàng, 25 gr bột ca ri (hoặc thay bằng bột hạt cải). Gà làm sạch lông, bỏ mật, chặt miếng, cho vào hầm với bột ca-ri, ăn nóng.","Tăng cường khí huyết, dễ thở.","","","","",""
38,"CHỮA THỞ KHÒ KHÈ","HẠNH NHÂN ĐẮNG, HẠNH NHÂN NGỌT SẮC VỚI ĐƯỜNG PHÈN","Người cao tuổi thở khó","Hạnh nhân ngọt 25 gr, hạnh nhân đắng (khổ hạnh nhân) 25 gr, đường phèn 50 gr, cho vào một bát nước, sắc lấy 1/2 bát. Uống hết trong 1 lần.","Tăng cường khí huyết, dễ thở.","","","","",""
38,"CHỮA THỞ KHÒ KHÈ","TRỨNG GÀ NGÂM NƯỚC ĐÁI","Thở khó lâu ngày không khỏi, cơ thể suy nhược.","Lấy 20 quả trứng gà, ngâm vào chậu nước đái trong 4 ngày; sau đó lấy ra rửa sạch, mỗi ngày luộc 1 quả, bóc vỏ ăn.","Bổ khí huyết, dễ thở.","","","","",""
38,"CHỮA THỞ KHÒ KHÈ","VỪNG ĐEN, GỪNG TƯƠI TRỘN VỚI MẬT ONG, ĐƯỜNG PHÈN","Người cao tuổi thở khò khè.","Dùng 250 gr vừng đen, 200 gr gừng tươi, 200 gr mật ong, 200 gr đường phèn. Trước tiên đun nước gừng hòa với đường phèn, đun sôi, sau đó đem vừng đen sao thơm, để nguội, trộn với nước gừng sao khô, để nguội. Cuối cùng tất cả trộn với mật ong, đường phèn. Mỗi buổi sáng, chiều uống 1 thìa, uống với nước sôi.","Tăng cường khí huyết, dễ thở.","","","","",""
38,"CHỮA THỞ KHÒ KHÈ","TRỨNG GÀ NẤU VỚI HOA HƯỚNG DƯƠNG","Thở khò khè","Dùng 1 hoa hướng dương, cho vào 2 bát nước, sắc lấy 1 bát. Đun sôi nước, đập vào 1 quả trứng gà. Ăn trứng, uống nước.","Bổ khí huyết, dễ thở.","","","","",""
38,"CHỮA THỞ KHÒ KHÈ","THỊT CHÓ NẤU VỚI THỤC PHỤ TỬ, GỪNG TƯƠI","Người già khó thở mạn tính do hư hàn, suy nhược.","Mỗi lần dùng 15 - 30 gr Thục Phụ Tử, 150 gr gừng tươi nướng chín, 500 - 1000 gr thịt chó. Tất cả đem băm nhỏ. Trước hết đem tỏi, dầu lạc xào với thịt chó, cho ít nước đun tiếp trong 2 tiếng. Ăn cả nước lẫn cái.","Bổ hư, khử hàn, thở dễ.","","","","",""
38,"CHỮA THỞ KHÒ KHÈ","NHAI NUỐT VỪNG, GỪNG TƯƠI, HẠNH ĐÀO","Người cao tuổi thở khó.","Dùng 10 gr vừng, 2 quả hạnh đào, 2 lát gừng. Cả 3 vị trên đem nhai kỹ, nuốt chậm ít một. Hàng ngày, mỗi bữa sáng, chiều, nhai nuốt 1 lần.","","","","","",""
38,"CHỮA THỞ KHÒ KHÈ","VỎ QUẢ BƯỞI NẤU VỚI CUỐNG NHAU BÒ","Bệnh thở khó tái phát nhiều lần không giảm.","Mỗi lần dùng từ 1/2 đến cả chiếc cuống nhau bò rửa sạch, cắt thành miếng nhỏ, vỏ bưởi khô 15 - 20 gr. Tất cả cho vào sắc kỹ.","ích khí, bổ phổi, tiêu đờm, dễ thở.","","","","",""
38,"CHỮA THỞ KHÒ KHÈ","TRỨNG GÀ XÀO RAU HẸ","Thở khó do thận hư hàn.","Mỗi lần dùng 100 gr rau hẹ tươi. Rửa sạch, thái nhỏ, đập 2 quả trứng gà vào cho 1 ít muối, dầu lạc, quấy đều, xào chín. Ăn vào 2 bữa cơm.","ích khí, dễ thở.","","","","",""
38,"CHỮA THỞ KHÒ KHÈ","TÁO TÀU NẤU VỚI BÍ NGÔ, ĐƯỜNG ĐỎ","Thở khò khè.","Mỗi lần dùng 500 gr bí ngô (bỏ vỏ), 15-20 quả táo, đường đỏ vừa đủ. Tất cả cho vào nấu nhừ thành cháo. Ăn nóng.","ích khí, dễ thở.","","","","",""
38,"CHỮA THỞ KHÒ KHÈ","BỘT CHUỘT BAO TỬ","Bệnh khó thở.","Chuột bao tử đem sao toàn tính, tán thành bột, uống với nước sôi. Mỗi lần 1 con. Uống liên tục nhiều lần. Kết quả điều trị rất tốt.","","","","","",""
38,"CHỮA THỞ KHÒ KHÈ","BỘT CON DƠI","Thở khò khè.","Con dơi đem sao toàn tính, tán bột. Mỗi ngày 2 lần, mỗi lần 2,5 - 5 gr bột, uống với nước đường phèn.","","","","","",""
38,"CHỮA THỞ KHÒ KHÈ","CHÁO BỘT GẠO, LỢN BAO TỬ","Thở khò khè.","Dùng 1 con lợn bao tử (lợn con vừa sinh ra, chưa bú sữa mẹ) làm sạch lông, rửa sạch, thái miếng, ninh nhừ. Cho vào 1 ít gạo, muối nấu thành cháo. Ăn hết trong 2 - 3 ngày.","","","","","",""
38,"CHỮA THỞ KHÒ KHÈ","TINH HOÀN LỢN CON UỐNG VỚI RƯỢU","Thở khò khè.","Tinh hoàn lợn con 2 quả, sao toàn tính, tán nhỏ, uống với rượu.","","","","","",""
38,"CHỮA THỞ KHÒ KHÈ","PHỔI LỢN NẤU VỚI NGŨ VỊ TỬ, HÀ TỬ","Thở khò khè.","Phổi lợn 1 chiếc, ngũ vị tử 20 hạt, hà tử 5 gr. Phổi lợn rửa sạch, ninh nhừ, với 2 vị thuốc trên. Bỏ bã thuốc, còn lại chia làm 3 lần ăn phổi lợn, uống nước.","","","","","",""
38,"CHỮA THỞ KHÒ KHÈ","DƯƠNG VẬT CON HƯƠU UỐNG VỚI RƯỢU","Thở khò khè.","Dương vật hươu, sao khô tán nhỏ, uống với rượu.","","","","","",""
38,"CHỮA THỞ KHÒ KHÈ","GIUN ĐẤT KHÔ SẮC VỚI LÁ DÂU, THIÊN MÔN","Thở khò khè.","Giun đất khô 20 con, lá dâu 5 gr, thiên môn đông, bách bộ và cốt toái bổ mỗi thứ 15 gr. Sắc kỹ lấy nước uống. Mỗi ngày 1 thang, uống làm 2 lần.","","","","","",""
38,"CHỮA THỞ KHÒ KHÈ","HẢI MÃ SẮC VỚI ĐƯƠNG QUY","Thở khò khè.","Hải mã 5 gr, đương quy 10 gr. Sắc lấy nước uống.","","","","","",""
38,"CHỮA THỞ KHÒ KHÈ","VỊT TRẮNG HẦM VỚI NHÂN HỒ ĐÀO","Thở khò khè.","Vịt lông trắng 1 con, làm sạch lông, bỏ ruột. Cho đường trắng, đường phèn, mật ong và nhân hồ đào mỗi thứ 120 gr vào trong bụng vịt. Hầm chín nhừ. Ăn liên tục 3 ngày, mỗi ngày 1 con.","","","","","",""
39,"CHỮA VIÊM PHỔI","NGÂN HOA, MẬT ONG","Viêm phổi chớm vào giai đoạn II (sốt rét dữ dội, nhức đầu ho, tức ngực đau âm ỉ, không ra mồ hôi, hoặc ra rất ít, đầu lưỡi đỏ, bựa lưỡi trắng hoặc vàng, mạch phù).","Dùng 30 gr ngân hoa, cho vào 500 ml nước, sắc lấy nước, bỏ bã, để nguội. Cho 30 gr mật ong vào nước thuốc quấy đều. Uống làm 3 - 4 lần, uống hết trong ngày.","Thanh nhiệt, giải độc, giảm đau.","","","","",""
39,"CHỮA VIÊM PHỔI","CHÁO GẠO TẺ, LÁ TRE, THẠCH CAO","Viêm phổi, đờm ra nhiều, nóng, ngạt thở (sốt cao, khát nước, đờm đặc, màu gỉ sắt hoặc có máu, thở dốc, tức ngực, thở khó, nôn nao không yên, lưỡi đỏ, bựa lưỡi vàng, mạch hồng, hoạt).","Lá tre tươi 200 gr, rửa sạch, thạch cao sống 100 gr, sắc lấy nước, vớt bỏ bã. Dùng 100 gr gạo tẻ, cho vào nước lá tre thạch cao nấu thành cháo. Mỗi ngày ăn 2 - 3 lần.","Thanh nhiệt, khỏi khát, tiêu đờm.","","","","",""
39,"CHỮA VIÊM PHỔI","RỄ CỎ TRANH SẮC VỚI NƯỚC NGÓ SEN","Viêm phổi. (Sốt cao không giảm, về đêm càng sốt cao, hôn mê, nói lảm nhảm, thở gấp, khò khè, trong đờm có vệt máu, môi thâm, lưỡi đỏ, bựa lưỡi vàng, dày, mạch vi).","Rễ cỏ tranh tươi 150 gr, thái nhỏ, ngó sen tươi 200 gr, thái lát. Sắc lấy nước uống. Một ngày uống 4 - 5 lần.","Thanh nhiệt, tiêu đờm, cầm máu. Đặc biệt chữa khỏi viêm phổi, trong đờm có máu.","","","","",""
39,"CHỮA VIÊM PHỔI","UỐNG NƯỚC RỄ LAU, TUYẾT LÊ, MÃ THẦY...","Viêm phổi thời kỳ hồi phục (sau khi mắc bệnh, nóng nhiều, sốt ít, miệng khô thở hơi nóng, trong người cồn cào, bực bội, mất ngủ, táo bón).","Rễ lau tươi, tuyết lê (bỏ vỏ), mã thầy (bỏ vỏ), ngó sen tươi mỗi thứ 500 gr, mạch môn đông tươi 100 gr. Tất cả đem giã nát, vắt lấy nước, trộn vào nhau. Uống tươi hoặc đun sôi uống. Uống nhiều lần trong ngày.","Thanh nhiệt, giải phiền, an thần. Dưỡng âm, bổ máu, mát phổi. Bổ âm, sinh huyết, sau thời kỳ mắc bệnh.","","","","",""
39,"CHỮA VIÊM PHỔI","CHÁO GẠO TẺ, NHÂN SÂM, GỪNG TƯƠI","Viêm phổi, khí hư sau khi mắc bệnh. (Sau khi mắc bệnh viêm phổi, khí hư, ra mồ hôi trộm, chân tay giá lạnh, tinh thần mệt mỏi, tim hồi hộp, thở đứt hơi).","Bột nhân sâm 6 gr hoặc bột đẳng sâm 30 gr, gừng tươi 5 lát, gạo tẻ 100 gr. Tất cả đem nấu thành cháo. Mỗi ngày ăn 2 - 3 lần.","Bổ hư, tăng cường khí huyết.","Những người sốt nhiều chưa bớt không dùng thuốc này.","","","",""
40,"CHỮA BỆNH PHỔI","Ý DĨ NẤU VỚI BÁCH HỢP (BẸ LÁ CÂY HOA HUỆ)","Ho, đau vùng ngực, đờm đặc, có mùi hôi, hụt hơi, thở dốc.","Ý dĩ 200 gr, bách hợp 50 gr, cho vào 5 bát nước, sắc lấy 3 bát. Chia làm 4 lần uống hết trong 1 ngày.","Nhuận phổi, thanh nhiệt, tiêu đờm.","","","","",""
40,"CHỮA BỆNH PHỔI","PHỔI LỢN NẤU VỚI Ý DĨ","Ho, đau vùng ngực, đờm đặc có mùi hôi, hụt hơi, thở dốc.","Dùng 1 chiếc phổi lợn, 200 gr ý dĩ. Ninh nhừ, ăn cái, uống nước.","Nhuận phổi, tăng cường khí huyết, tiêu đờm, giảm đau.","","","","",""
40,"CHỮA BỆNH PHỔI","HẠ KHÔ THẢO (RAU CẢI TƯƠI) NẤU VỚI THỊT LỢN NẠC","Bệnh phổi","Dùng 6 - 24 gr hạ khô thảo, 30 gr thịt lợn nạc. Nấu canh thịt, khô thảo ăn 2 - 3 lần sẽ có kết quả. Hoặc: + Hạ khô thảo, đường đỏ sắc lấy nước uống.","Bổ phổi, thanh nhiệt, thông đờm.","","","","",""
41,"CHỮA BỆNH HO","GỪNG NẤU VỚI CHAO ĐẬU, MẠCH NHA","Chứng ho do cảm lạnh (bệnh trạng: mới chớm ho, đờm loãng, trắng, nhức đầu, ngạt mũi, sốt rét dữ dội, bựa lưỡi trắng, mạch phù, gấp).","Dùng 30 gr gừng khô, 15 gr chao đậu nhạt. Cho nước vừa đủ, đun sôi. Cứ 30 phút gạn nước 1 lần, lại cho nước vào sắc (sắc 2 nước). Sau đó trộn 2 nước vào nhau, đun nhỏ lửa, cô đặc lại và cho 250 gr mạch nha vào quấy đều, tiếp tục đun nhỏ lửa cho đến khi dùng đũa quấy, thấy thành sợi, không dính là được. Để nguội, đổ ra khay, chia thành khoảng 100 miếng nhỏ, ăn dần.","Trừ phong, tán hàn, thông đờm.","","","","",""
41,"CHỮA BỆNH HO","CAO LONG NHÃN, SÂM, MẬT ONG","Bệnh ho do phổi khô (thường thấy bệnh xuất hiện vào mùa thu, thời tiết khô hanh. Bệnh trạng, ho khan không có đờm, hoặc đờm rất ít, dính, rát khó khạc ra, miệng khô thở hơi nóng hoặc sốt cao, trong đờm có vết máu, đầu lưỡi đỏ, bựa lưỡi vàng, khô, mạch vi).","Đảng sâm 250 gr, sa sâm 150 gr, long nhãn 120 gr. Trước hết đem ngâm trong nước một lúc, sau đó đun nhỏ lửa, sắc kỹ (lấy 3 nước). Hòa 3 nước thuốc vào nhau, đun nhỏ lửa, cô đặc, cho mật ong, quấy đều, đun sôi thì ngừng đun, để nguội. Mỗi lần uống 1 thìa, uống với nước sôi, mỗi ngày uống 3 lần.","Mát phổi, giải nhiệt, khỏi ho.","","","","",""
41,"CHỮA BỆNH HO","BỐI MẪU, TUYẾT LÊ","Bệnh ho do phế hư (bệnh trạng: thể chất hư nhược, ho kéo dài, sợ gió, tiếng ho nhỏ, yếu, thở dốc, hụt hơi, lưỡi đỏ, bựa lưỡi ít, mạch vi).","Dùng 1 quả lê to, rửa sạch, bổ dọc quả lê làm 2 mảnh, lấy hột ra, cho vào trong quả lê 10g xuyên bối mẫu, úp 2 mảnh lại, buộc chặt. Cho quả lê vào trong 1 cái bát, trộn vào 30 gr đường phèn, 1 ít nước. Đặt bát lê vào xoong, đậy vung, đun nhỏ lửa. Khoảng 40 phút là được. Ăn lê, uống nước.","Bổ âm, nhuận phổi, tiêu đờm, khỏi ho.","","","","",""
41,"CHỮA BỆNH HO","ĐU ĐỦ HẤP VỚI MẬT ONG","Bệnh ho khan, ít đờm.","Dùng 1 quả đu đủ chín, gọt bỏ vỏ, thái lát cho mật ong vào hấp chín.","Thanh nhiệt, nhuận phổi, tăng cường khí huyết.","","","","",""
41,"CHỮA BỆNH HO","CỦ CẢI, HỒ TIÊU, GỪNG TƯƠI SẮC VỚI TRẦN BÌ","Ho vì cảm lạnh, nhiều đờm, có bọt.","Củ cải 1 củ, hồ tiêu 5 hạt, gừng tươi 3 lát, trần bì 1 miếng. Sắc lấy nước uống.","Tiêu đờm, khỏi ho.","","","","",""
41,"CHỮA BỆNH HO","PHỔI LỢN, CỦ CẢI NẤU VỚI HẠNH NHÂN","Ho lâu ngày không khỏi.","Dùng 1/2 chiếc phổi lợn, 1 củ cải, 15 gr hạnh nhân. Sắc lấy nước uống.","Giải độc, khỏi ho.","","","","",""
41,"CHỮA BỆNH HO","QUẢ CẬT LỢN, ĐẬU ĐEN, TRẦN BÌ, GỪNG TƯƠI, TÁO TÀU","Ho lâu ngày không khỏi.","Lấy 1 quả cật lợn, 150 gr đậu đen, 1 miếng trần bì, 15 gr gừng tươi, 4 quả táo. Cho vào 1 ít nước, nấu chín kỹ ăn.","Bổ phổi, cắt cơn ho.","","","","",""
41,"CHỮA BỆNH HO","HẠNH NHÂN, LÁ DÂU, PHỔI LỢN","Người cao tuổi khó thở, ho khan, không có đờm. Phần đông do khí hậu khô hanh về mùa đông hay sinh ra ho khan.","Mỗi lần có thể dùng 15 - 20 gr Nam hạnh nhân, 15 gr lá dâu. Khoảng 250 gr phổi lợn. Tất cả đem nấu chín kỹ. Ăn vào 2 bữa cơm.","Nhuận phổi, giải nhiệt, khỏi ho.","Cách nấu - trước hết thái phổi lợn thành miếng, cho Nam hạnh nhân (không dùng bắc hạnh nhân), lá dâu... nấu lẫn với phổi lợn.","","","",""
41,"CHỮA BỆNH HO","MỘC NHĨ TRẮNG, BÁCH HỢP, SA SÂM SẮC VỚI ĐƯỜNG PHÈN","Ho khan, ít đờm do âm hư, phổi ráo.","Mỗi lần dùng 6 gr mộc nhĩ trắng, bách hợp, sa sâm mỗi thứ 9 gr, một ít đường phèn. Sắc kỹ lấy nước uống. Có thể dùng riêng mộc nhĩ trắng, mỗi lần 5 gr.","Bổ phổi, khỏi ho.","","","","",""
41,"CHỮA BỆNH HO","VỪNG ĐEN, ĐƯỜNG TRẮNG","Ho khan, ít đờm","Vừng đen 120 gr, đường trắng 30 gr, sao chín ăn.","Tiêu đờm, khỏi ho.","","","","",""
41,"CHỮA BỆNH HO","UỐNG NƯỚC MÍA, NƯỚC MÃ THẦY","Phổi nóng, ho cổ họng khô, đau.","Mỗi lần dùng 3 ml nước mía, 15 ml nước mã thầy, khỏi ho, giảm đau.","Nhuận phổi, khỏi ho, giảm đau.","","","","",""
41,"CHỮA BỆNH HO","TUYẾT LÊ, XUYÊN BỐI MẪU NẤU VỚI MỘC NHĨ TRẮNG","Người cao tuổi ho khan, không có đờm, cổ họng khô.","Tuyết lê 1 quả, xuyên bối mẫu 3 gr, mộc nhĩ trắng 6 gr. Sắc lấy nước uống.","Nhuận phổi, khỏi ho.","","","","",""
41,"CHỮA BỆNH HO","TUYẾT LÊ, XUYÊN BỐI MẪU NẤU VỚI PHỔI LỢN","Ho khan, không đờm, cổ họng khô.","Tuyết lê 2 quả, xuyên bối mẫu 10 gr, phổi lợn khoảng 250 gr, lê gọt bỏ vỏ, thái lát, phổi lợn thái nhỏ, bóp rửa hết bọt. Tất cả cho vào ấm đất, nước vừa đủ, sắc trong 3 tiếng, lấy nước pha với đường.","Nhuận phổi, tăng cường khí huyết, khỏi ho.","","","","",""
41,"CHỮA BỆNH HO","KIẾM HOA NẤU VỚI PHỔI LỢN","Phổi nóng, ho khan, miệng khô, cổ họng nóng.","Mỗi lần có thể dùng 25 - 30 gr kiếm hoa khô, hoặc 200 - 250 gr kiếm hoa tươi, phổi lợn 250 - 300 gr. Cho nước vừa đủ, ninh trong 1 - 2 tiếng. Ăn cái, uống nước.","Nhuận phổi, khỏi ho.","","","","",""
41,"CHỮA BỆNH HO","CHAO ĐẬU, HÀNH NẤU VỚI ĐẬU PHỤ","Ngứa cổ họng, ho nhiều.","Mỗi lần dùng 12 gr chao đậu, 2 - 4 tấm đậu phụ, 15 gr hành trắng. Trước hết luộc chín đậu phụ. Sau đó cho chao đậu và một bát rưỡi nước. Sắc lấy 1/2 bát nước, cho hành củ vào đun sôi là được. Ăn nóng, ăn xong lấy chăn đắp kín để ra mồ hôi.","Không để ra mồ hôi quá nhiều.","Khỏi ngứa cổ, khỏi ho.","","","",""
41,"CHỮA BỆNH HO","TRỨNG GÀ HẦM VỚI GIẤM CHUA","Ho lâu ngày không khỏi.","Dùng 2 quả trứng gà, 500 ml giấm. Đập trứng gà vào giấm, cho vào 1 bát nước. Sắc lấy nước uống.","Bổ phổi, khỏi ho","","","","",""
41,"CHỮA BỆNH HO","BỒ CÔNG ANH NẤU VỚI THỊT LỢN","Ho, đờm đặc, nhiều, màu vàng nâu.","Dùng 150 gr thịt lợn, 100 gr bồ công anh. Cho nước vừa đủ, ninh nhừ.","Tiêu đờm, khỏi ho.","","","","",""
41,"CHỮA BỆNH HO","RAU MÙI, ĐƯỜNG MẠCH NHA","Ho, đờm đặc, màu vàng nâu.","Dùng 25 gr rau mùi, đường mạch nha 25 gr. Cho vào 1 ít nước cơm. Đun sôi, quấy đều, đường tan là được.","Bổ phổi, tiêu đờm, khỏi ho.","","","","",""
41,"CHỮA BỆNH HO","GÀ MÁI ĐEN HẦM VỚI GIẤM","Ho lâu ngày, thở dốc","Lấy 1 con gà mái đen, 1500 gr giấm để lâu năm. Gà làm sạch lông, bỏ ruột, chặt nhỏ, hầm với giấm lâu năm, chia làm 3, 4 lần ăn hết trong ngày.","Khỏi ho, thở đều.","","","","",""
41,"CHỮA BỆNH HO","TRỨNG GÀ NGÂM NƯỚC ĐÁI TRẺ EM, NẤU VỚI NƯỚC ĐƯỜNG PHÈN","Ho lâu ngày, thở dốc.","Dùng 20 quả trứng gà, ngâm vào nước đái trẻ em, trong 20 ngày. Khi dùng, lấy trứng gà ra, đập bỏ vỏ, nấu với nước đường phèn. Ăn trứng uống nước.","Thở đều, khỏi ho.","","","","",""
41,"CHỮA BỆNH HO","LẠC NHÂN, TÁO TÀU NẤU VỚI MẬT ONG","Ho dữ dội mặt đỏ, ho lâu ngày không khỏi.","Lạc nhân, táo và mật ong mỗi thứ 30 gr, cho nước vừa đủ, nấu chín kỹ. Ăn cái, uống nước. Mỗi ngày ăn 2 lần.","Thanh nhiệt, khỏi ho.","","","","",""
41,"CHỮA BỆNH HO","MỘC NHĨ TRẮNG HẤP VỚI ĐƯỜNG PHÈN","Ho, nhiều đờm.","Mộc nhĩ trắng 30 gr, một ít đường phèn. Hấp cách thủy. Mỗi ngày ăn 1 lần, điều trị liên tục nhiều ngày sẽ có hiệu quả.","Nhuận phổi, tiêu đờm, khỏi ho.","","","","",""
41,"CHỮA BỆNH HO","NƯỚC RAU CẦN","Ho lâu ngày không khỏi","Dùng 250 - 300 gr rau cần, rửa sạch, giã nát, vắt lấy nước. Hàng ngày mỗi buổi sáng, chiều uống 1 lần. Uống liên tục 1 tuần.","Thanh nhiệt, khỏi ho.","","","","",""
41,"CHỮA BỆNH HO","HOÀI SƠN, LONG NHÃN, HẤP VỚI BA BA","Ho mạn tính do tỳ phế hư.","Hoài sơn, long nhãn mỗi thứ 15 - 25 gr, 1 con ba ba. Trước hết cho ba ba vào nước sôi để ba ba giãy chết và bài tiết hết, sau đó mổ rửa sạch, bỏ mật ba ba. Cho ba ba, hoài sơn, long nhãn vào nồi, hấp cách thủy. Thịt chín nhừ là ăn được.","bổ tỳ, vị, khỏi ho.","","","","",""
41,"CHỮA BỆNH HO","MẬT ONG HẤP VỚI BỘT XUYÊN BỐI","Ho, phổi ráo.","Bột xuyên bối 5 gr, mật ong 30 gr. Quấy đều. Hấp cách thủy.","Nhuận phổi, cắt cơn ho, giải nhiệt.","","","","",""
41,"CHỮA BỆNH HO","SA SÂM, NGỌC TRÚC HẦM THỊT VỊT","Bệnh lao phổi sinh ra sốt nhẹ, ho khan, buồn phiền, miệng khát.","Mỗi lần dùng sa sâm, ngọc trúc mỗi thứ 30- 50 gr, vịt 1 con. Trước hết, đem vịt làm sạch lông, bỏ mật, cho vịt, sâm, ngọc trúc vào ninh nhừ trong 1 tiếng. Ăn thịt, uống nước.","Bổ phổi, thanh nhiệt, khỏi ho.","","","","",""
41,"CHỮA BỆNH HO","BỘT NGÓ SEN UỐNG VỚI MẬT ONG","Làm cho thanh nhiệt, nhuận phổi, khỏi ho.","30 gr bột ngó sen, hòa vào ít nước, đun sôi, cho 30 gr mật ong vào, quấy đều. Uống nóng.","Giải nhiệt, nhuận phổi, khỏi ho.","","","","",""
41,"CHỮA BỆNH HO","QUẢ LA HÁN HẦM PHỔI LỢN","Ho, rát phổi.","Mỗi lần dùng 1/2 đến 1 quả la hán, phổi lợn khoảng 520 gr. Trước hết, phổi lợn đem thái nhỏ, bóp hết bọt, rửa sạch, sau đó cho phổi lợn, quả la hán vào ninh nhừ. Ăn nóng.","Mát phổi, thanh nhiệt, khỏi ho.","","","","",""
41,"CHỮA BỆNH HO","NƯỚC NGÓ SEN NẤU VỚI MẬT ONG","Ho, phổi nóng.","Dùng ngó sen tươi, giã nát, ép lấy nước. 100 - 150 ml nước ngó sen hòa vào 15-30 gr mật ong, quấy đều, uống hết 1 lần.","Nhuận phổi, giải nhiệt, tiêu đờm, khỏi ho. Bài thuốc này cũng chữa trị miệng khô, cổ họng nóng, ho gà, táo bón, viêm tuyến dịch lim-pha cổ trẻ em.","","","","",""
41,"CHỮA BỆNH HO","HẠT DẺ TƯƠI HẦM VỚI THỊT LỢN NẠC","Người cao tuổi khí hư hen suyễn.","Hạt dẻ tươi 60 gr, thịt lợn nạc vừa đủ, gừng tươi vài lát. Tất cả đem ninh nhừ, ăn nóng. Mỗi ngày ăn 1 lần.","Bổ hư, cắt cơn ho, dễ thở.","","","","",""
41,"CHỮA BỆNH HO","CHUỐI TIÊU HẤP ĐƯỜNG PHÈN","Sốt ho, ho kéo dài lâu ngày không khỏi.","Mỗi lần dùng từ 1 - 2 quả chuối tiêu, bóc vỏ, cho đường phèn vừa đủ. Hấp cách thủy. Mỗi ngày ăn 1 - 2 quả. Điều trị liên tục nhiều ngày.","Thanh nhiệt khỏi ho.","","","","",""
41,"CHỮA BỆNH HO","TÁO TÀU NẤU VỚI ĐƯỜNG MẠCH NHA","Ho do tỳ hư, mặt nhợt nhạt.","Mỗi lần dùng 60 gr đường mạch nha, 15 - 20 quả táo. Cho đủ nước, ninh nhừ, ăn nóng.","Bổ tỳ, khỏi ho.","","","","",""
41,"CHỮA BỆNH HO","NAM HẠNH NHÂN HẦM VỚI PHỔI DÊ","Ho khan lâu ngày không giảm, cổ họng khô, miệng nóng.","Mỗi lần dùng 30 gr nam hạnh nhân, 250 gr phổi dê. Trước hết đem phổi dê thái nhỏ, bóp hết bọt nước, rửa sạch. Tất cả đem ninh nhừ, cho thêm gia vị, ăn vào bữa sáng.","Giảm sốt, khỏi ho.","","","","",""
41,"CHỮA BỆNH HO","TUYẾT LÊ HẤP ĐƯỜNG PHÈN","Ho lâu ngày không khỏi.","Mỗi lần dùng 2 quả tuyết lê, gọt vỏ, thái lát, trộn với mật ong hoặc đường phèn. Hấp cách thủy. Ăn liên tục nhiều lần.","Nhuận phổi, khỏi ho.","","","","",""
41,"CHỮA BỆNH HO","TRỨNG GÀ NẤU VỚI SỮA ĐẬU NÀNH","Ho do bệnh lao phổi.","Mỗi lần dùng 1 bát sữa đậu nành, 1 quả trứng gà luộc chín, bỏ vỏ, dầm nát, cho vào ít đường trắng.","Mát phổi, khỏi ho. Còn có tác dụng điều trị cơ thể hư nhược.","","","","",""
41,"CHỮA BỆNH HO","CỦ CÀ RỐT SẮC VỚI TÁO TÀU","Bệnh ho","Củ cà rốt 150 gr, táo 15 quả. Cho vào 2 bát nước, sắc lấy 1 bát. Chia làm 3 lần uống hết trong ngày, điều trị liên tục 3 - 5 ngày.","Nhuận phổi, khỏi ho.","","","","",""
41,"CHỮA BỆNH HO","XUYÊN BỐI MẪU HẤP VỚI MẬT ONG","Phổi nóng, ho, trẻ em ho có đờm","Mỗi lần dùng Xuyên bối mẫu 6 - 12 gr, băm nhỏ (nếu dùng bột xuyên bối thì cần 3 - 6 gr), mật ong khoảng 15 - 30 gr. Hấp cách thủy.","Nhuận phổi, thanh nhiệt, khỏi ho.","","","","",""
41,"CHỮA BỆNH HO","CỦ CẢI HẤP VỚI MẬT ONG","Ho do viêm phế quản cấp tính, mạn tính.","Mỗi lần dùng 1 củ cải to, khoảng 500 gr, mật ong 60 gr. Củ cải gọt vỏ, rửa sạch, khoét rỗng giữa, cho mật ong vào trong, đựng trong bát to. Hấp cách thủy, chín là ăn được.","Bổ phổi, khỏi ho.","","","","",""
41,"CHỮA BỆNH HO","CAO GỪNG TƯƠI, MẬT ONG","ho lâu không khỏi do phổi lạnh, nóng.","Nước gừng tươi 200 gr, mật ong 200 gr. Cho vào nồi đun nhỏ lửa, cô đặc lại, để nguội dùng dần. Mỗi lần dùng 30 ml, hòa với nước sôi uống. Mỗi ngày uống 2 lần.","Mát phổi, khử hàn, khỏi ho.","","","","",""
41,"CHỮA BỆNH HO","BẮC HẠNH NHÂN HẤP VỚI TUYẾT LÊ","Ho khan.","Mỗi lần dùng 10 gr bắc hạnh nhân, 1 quả tuyết lê, 30 - 50 gr đường trắng, 1/2 bát nước. Hấp cách thủy trong 1 tiếng. Ăn cả nước lẫn cái.","Thanh nhiệt, ra mồ hôi, mát gan, khỏi ho.","","","","",""
41,"CHỮA BỆNH HO","QUẢ HỒNG KHÔ HẤP VỚI ĐƯỜNG PHÈN","Ho khan","Mỗi lần dùng 3 quả hồng khô, rửa sạch, cho vào 1 ít nước, đường phèn. Hấp cách thủy cho đến khi quả hồng mềm nhũn.","Mát phổi, khỏi ho.","","","","",""
41,"CHỮA BỆNH HO","HẠNH NHÂN NẤU VỚI ĐƯỜNG PHÈN","Ho khan.","Mỗi lần dùng Nam hạnh (hạnh nhân ngọt) 15 gr, Bắc hạnh nhân (hạnh nhân đắng) 3 gr, cho vào nước ngâm bóc bỏ vỏ. Dùng 50 gr gạo tẻ, ngâm nước cho mềm, rồi cho nam bắc hạnh nhân vào giã nát, đổ nước và đường phèn vừa đủ vào, nấu thành cháo để ăn.","Nhuận phổi, cắt cơn ho.","","","","",""
41,"CHỮA BỆNH HO","LẠC NHÂN NẤU VỚI ĐƯỜNG PHÈN","Ho khan.","Mỗi lần dùng 100 - 150 gr lạc nhân, đường phèn, nước vừa đủ. Nấu kỹ, lấy nước uống.","Nhuận phổi, bổ tỳ, tăng cường khí huyết, khỏi ho.","","","","",""
41,"CHỮA BỆNH HO","CANH CẢI TRẮNG, ĐẬU PHỤ, TÁO TÀU","Ho khan.","Mỗi lần dùng 100 gr cải trắng khô, khoảng 50 gr đậu phụ, 10 quả táo. Cho nước vừa đủ, một ít dầu, một ít muối. Nấu thành canh, ăn vào 2 bữa cơm.","Mát phổi, khỏi ho khan.","","","","",""
41,"CHỮA BỆNH HO","MỘC NHĨ TRẮNG HẤP ĐƯỜNG PHÈN","Ho khan.","Mỗi lần dùng 10 - 12 gr mộc nhĩ trắng, ngâm, rửa sạch. Cho vào nước, đường phèn vừa đủ. Hấp cách thủy từ 2 - 3 tiếng. Ăn cái uống nước.","Bổ âm, khỏi ráo phổi, ra mồ hôi, khỏi ho.","","","","",""
41,"CHỮA BỆNH HO","CANH NGỌC TRÚC THỊT LỢN NẠC","Ho khan.","Mỗi lần dùng 30 gr ngọc trúc, 100 - 150 gr thịt lợn nạc. Cho vào 4 bát nước, sắc lấy 2 bát, cho vào 1 ít muối. Ăn thịt, uống nước.","Bổ âm, khỏi ráo phổi, cắt cơn ho.","","","","",""
41,"CHỮA BỆNH HO","ĐÔNG TRÙNG HẠ THẢO HẤP VỚI VỊT","Ho khan.","Mỗi lần dùng 1 con vịt trời, làm sạch lông, bỏ ruột, dùng 10 - 12 gr đông trùng hạ thảo, rửa sạch cho vào trong bụng vịt. Hấp cách thủy, vịt chín cho vào 1 ít muối. Ăn thịt, uống nước.","Mát phổi, bổ tim, phổi, tăng cường khí huyết, khỏi ho.","","","","",""
42,"CHỮA LAO PHỔI","CHÁO ĐỊA HOÀNG, NHÂN TÁO","Lao phổi, sốt nhẹ (hàng ngày về buổi chiều, sau hai giờ, bắt đầu sốt, thường sốt 37,5 - 38 độ C, cho đến 12 giờ đêm thì ra mồ hôi trộm, cơn sốt lui, cơ thể giá lạnh, ngày nào cũng diễn ra như vậy).","Nhân quả táo chua 30 gr, cho nước vào nghiền nát lấy 100 ml, địa hoàng tươi 30 gr, chắt lấy 100 ml nước, gạo tẻ 100 gr, cho nước vừa đủ, nấu gạo thành cháo. Khi chín, cho nước nhân táo, địa hoàng vào cháo, đun sôi. Mỗi ngày ăn 1 - 2 lần.","Thanh nhiệt, khỏi ra mồ hôi trộm, sinh huyết, khỏi khát, bổ dưỡng tim, an thần. Còn có tác dụng chữa chứng mệt mỏi, hồi hộp, mất ngủ, sốt nhẹ trong đờm có máu.","Những người đi ỉa phân lỏng không được dùng bài thuốc này.","","","",""
42,"CHỮA LAO PHỔI","CAO LÊ, CÁT CÁNH, MÃ THẦY","Ho, lao phổi, trong đờm có máu (bệnh trạng: ho khan lâu ngày không khỏi, trong đờm có sợi máu, hoặc nửa máu, nửa đờm, buổi chiều 2 má ửng hồng, ban đêm lòng bàn tay, gan bàn chân nóng).","Lấy 100 gr hoàng lê ép lấy nước, 100 chiếc lá tre tươi, sắc lấy nước, 30 đoạn rễ cây lau tươi dài 6 cm, giã nát, vắt lấy nước, 10 gr cát cánh đỏ, sắc lấy nước, 50 gr mã thầy, giã nát, chắt lấy nước. Trộn tất cả các loại nước lại, cô đặc (đun nhỏ lửa). Mỗi lần uống 20 ml, mỗi ngày uống 3 lần.","Bổ âm, sinh huyết, nhuận phổi, khỏi ho, thanh nhiệt, tiêu đờm. Chữa chứng âm hư, mệt mỏi, ho ra nhiều đờm rất hiệu quả.","Người mắc bệnh ỉa chảy không được dùng.","","","",""
42,"CHỮA LAO PHỔI","NƯỚC ĐỊA HOÀNG TƯƠI TRỘN ĐƯỜNG PHÈN","Lao phổi sốt nhẹ (bệnh trạng như trên).","Địa hoàng tươi 500 gr, rửa sạch, chắt lấy nước, hòa với đường phèn hâm nóng uống. Mỗi lần uống 200 ml, mỗi ngày 3 lần. Cơn sốt lui thì ngừng uống, không được uống thường xuyên.","- Thanh nhiệt, bổ âm, ra mồ hôi, mát máu. Chữa chứng máu nóng âm hư, sốt có hiệu quả. Có tác dụng chữa lao phổi, khạc ra máu.","","","","",""
42,"CHỮA LAO PHỔI","LƯƠN NẤU VỚI RƯỢU, GIẤM","Lao phổi sốt nhẹ (bệnh trạng như trên).","Dùng 500 gr lươn, cho vào rượu, giấm, một ít muối, nấu chín kỹ, ăn hết 1 lần trong ngày.","Bổ hư, thanh nhiệt, Chữa sốt nhẹ, âm hư có kết quả.","","","","",""
42,"CHỮA LAO PHỔI","CAO THIÊN MÔN, MẠCH MÔN","Lao phổi, ho, trong đờm có máu (bệnh trạng như trên).","Dùng thiên môn và mạch môn mỗi thứ 200 gr sắc kỹ, bỏ bã. Cho vào 60 gr bột xuyên bối mẫu, luyện mật thành cao. Mỗi lần ăn 10 ml, mỗi ngày 3 lần.","Khỏi ráo phổi, khỏi ho, thanh nhiệt, tiêu đờm. Chữa phế, thận, âm hư, nóng phổi, mệt mỏi, ho ra máu có hiệu quả.","Những người ho dữ dội không được dùng.","","","",""
42,"CHỮA LAO PHỔI","HOÀNG TINH SẮC VỚI ĐƯỜNG PHÈN","Lao phổi, ho, trong đờm có máu (bệnh trạng như trên).","Hoàng tinh 30 gr, trước tiên ngâm củ vào nước lã, cho vào 50 gr đường phèn, đun nhỏ lửa trong 1 tiếng. Ăn hoàng tinh, uống nước. Mỗi ngày 2 lần.","Chữa khỏi chứng hư phổi, thận, sốt nhẹ, khạc ra máu, ho lao, ráo phổi, sốt nhẹ, nhiều đờm.","","","","",""
42,"CHỮA LAO PHỔI","CAO THANH HAO, NHÂN SÂM...","Lao phổi, ra mồ hôi trộm (bệnh trạng: Sốt nhẹ vào buổi chiều, trong người cồn cào, tức ngực, sau nửa đêm tỉnh ngủ, ra mồ hôi ở ngực, thậm chí toàn thân toát mồ hôi, quần áo ướt đẫm. Sau khi ra mồ hôi, giảm nhiệt, cơ thể lạnh, mệt mỏi không thể chịu được).","Thanh hao 500 gr, cho vào 1000 ml nước sắc lấy nước, bỏ bã, đun nhỏ lửa cô lại còn 500 ml. Lấy 30 gr nhân sâm hoặc 60 gr đẳng sâm, sắc kỹ lấy 100 ml. Cho tất cả 500 ml nước thanh hao, 100 ml nước sâm và 100 ml mật ong vào quấy đều, đun nhỏ lửa, cô đặc thành cao. Mỗi lần uống 20 ml, mỗi ngày 3 lần.","Đại bổ nguyên khí, tăng cường khí huyết, sinh huyết, bổ âm, khỏi ra mồ hôi trộm. Có tác dụng chữa trị âm hư ra mồ hôi trộm sau cơn sốt.","","","","",""
42,"CHỮA LAO PHỔI","CHÁO GẠO TẺ, KỶ TỬ","Lao phổi, ra mồ hôi trộm.","Dùng 100 gr kỷ tử tươi, 60 gr gạo tẻ. Nấu thành cháo. Ăn vào 2 bữa cơm, ăn với cháo đậu muối.","Bổ dưỡng gan, thận, giảm nóng. Ăn liên tục nhiều ngày, có tác dụng chữa trị sốt nhẹ, mệt mỏi, suy nhược, bổ gan.","","","","",""
42,"CHỮA LAO PHỔI","CÁM TIỂU MẠCH","Ho lao, ra mồ hôi trộm (bệnh trạng như trên).","Dùng 100 gr cám tiểu mạch, 250 gr thịt lợn nạc, hành củ, muối vừa đủ. Thịt băm nhỏ, trộn cám tiểu mạch, hành muối làm nhân bánh. Dùng bột gạo nếp nắm thành bánh. Hấp chín, ăn bình thường.","Khỏi ra mồ hôi trộm và mọi chứng hư. Già, trẻ đều dùng được.","","","","",""
42,"CHỮA LAO PHỔI","TIỂU MẠCH, CAM THẢO SẮC VỚI TÁO TÀU...","Ho lao, ra mồ hôi trộm (bệnh trạng như trên).","Dùng 30 gr tiểu mạch, 10 gr cam thảo tươi, 5 quả táo, 20 gr hoàng kỳ, 30 gr cam thảo tươi, 5 quả táo, 20 gr hoàng kỳ, 30 gr con sò biển tươi. Cho vào 1000 ml nước, sắc lấy 600 ml nước, chia làm 3 lần, uống hết trong ngày.","Khỏi ho, khỏi ra mồ hôi trộm.","","","","",""
42,"CHỮA LAO PHỔI","HẠT NGÂN HẠNH NGÂM DẦU GAN CÁ","Lao phổi, ho.","Lấy 100 hạt ngân hạnh ngâm vào dầu gan cá trong 5 tháng trở lên. Mỗi ngày ăn 2 hạt trước bữa cơm.","Khỏi ráo phổi, cắt cơn ho.","","","","",""
42,"CHỮA LAO PHỔI","NƯỚC LÁ HẸ HÒA VỚI ĐƯỜNG ĐỎ","Lao phổi, ho.","Dùng 1 lá hẹ, rửa sạch, giã nát, chắt lấy nước, hòa vào 1 ít đường đỏ. Mỗi ngày uống 10 giọt.","Tiêu đờm, khỏi ho.","","","","",""
42,"CHỮA LAO PHỔI","LƯƠN NẤU VỚI RƯỢU","Lao phổi, sốt, người gầy ốm.","Lấy 2 con lươn, bỏ ruột, cho vào 2 cốc rượu, 1 bát nước, nấu chín kỹ rồi cho muối, giấm. Ăn nóng, ăn hết trong 1 lần.","Bổ hư, thanh nhiệt.","","","","",""
42,"CHỮA LAO PHỔI","CÁ TƯƠI NẤU CANH GỪNG, TÁO TÀU","Lao phổi, sốt, người gầy còm","Cá tươi 1 con, gừng tươi 2 lát, táo 3 quả. Cá rửa sạch, bỏ ruột. Cho cá, gừng, táo vào 7 bát nước, sắc lấy 2 bát. Chia làm 2, ăn vào sau bữa cơm sáng, chiều. Mỗi tuần ăn 2 - 3 lần.","Bổ phổi, thanh nhiệt, khỏi ho.","","","","",""
42,"CHỮA LAO PHỔI","THỊT LỢN NẠC NẤU VỚI HÀNH CỦ","Ho lao, khạc ra máu, thổ huyết.","Thịt lợn nạc 200gr, 4 củ hành đỏ. Cho vào 2 bát nước nấu chín ăn.","Thanh nhiệt, giải độc, mát máu, khỏi ho.","","","","",""
42,"CHỮA LAO PHỔI","RÂU NGÔ SẮC VỚI NƯỚC ĐƯỜNG PHÈN","Lao phổi, khạc ra máu, thổ huyết.","Râu ngô 100gr, đường phèn 100gr, đổ nước sắc kỹ lấy nước uống.","Mát máu, khỏi ho.","","","","",""
42,"CHỮA LAO PHỔI","NGÓ SEN CHẤM ĐƯỜNG TRẮNG","Lao phổi, khạc ra máu, thổ huyết.","Lấy 1 khúc ngó sen tươi, rửa sạch, thái lát chấm đường trắng ăn.","Thanh nhiệt, sinh huyết, mát máu.","","","","",""
42,"CHỮA LAO PHỔI","CANH LÊ TƯƠI, NGÓ SEN, TÁO TÀU...","Lao phổi, trong đờm có máu.","Dùng 2 quả lê tươi (bỏ hạt), 500gr ngó sen tươi (bỏ vỏ), 1 quả hồng (bỏ tai), 10 quả táo (bỏ hột), 50gr rễ lau tươi. Ngâm nước một lúc, sau đó đun sôi trong nửa tiếng, lấy nước uống.","Nhuận phổi, tiêu đờm, cầm máu.","","","","",""
42,"CHỮA LAO PHỔI","CHIM CÚT HẦM VỚI BẠCH CẬP","Bệnh lao phổi.","Lấy 1 con chim cút, làm sạch lông, bỏ ruột, 10gr bạch cập. Ninh nhừ, bỏ bã thuốc, ăn thịt, uống nước.","Nhuận phổi, khỏi ho.","","","","",""
42,"CHỮA LAO PHỔI","CANH PHỔI LỢN, CỦ CẢI, LÊ","Lao phổi, ho, trong đờm có máu.","Phổi lợn 1 chiếc, củ cải 500gr (bỏ vỏ), tuyết lê 3 quả (bỏ hạt), ngó sen 5 khúc, đổ nước vào nấu. Ăn thường xuyên.","Tiêu đờm, khỏi ho.","","","","",""
42,"CHỮA LAO PHỔI","HOÀI SƠN, TUYẾT LÊ TRỘN VỚI MẬT ONG","Lao phổi, ho ít đờm, âm hư, sốt.","Hoài sơn tươi 500gr (gọt bỏ vỏ, thái lát), tuyết lê 3 quả (bỏ hạt), mật ong vừa đủ. Cho hoài sơn, tuyết lê vào 2 bát nước sắc kỹ lấy nước, hòa mật ong vào uống nóng.","Bổ hư, khỏi ho.","","","","",""
42,"CHỮA LAO PHỔI","SA SÂM, NGỌC TRÚC HẦM VỚI VỊT","Lao phổi, ho khan, sốt nhẹ, miệng khát.","Mỗi lần dùng sa sâm và ngọc trúc mỗi thứ từ 30- 50gr, vịt 1/2 con hoặc cả con. Vịt làm sạch lông, bỏ ruột, rửa sạch. Ninh nhừ trong 1 tiếng trở lên. Uống nước ăn thịt, có thể ăn vào 2 bữa cơm.","Bổ âm, mát phổi, khỏi ho.","","","","",""
42,"CHỮA LAO PHỔI","BA BA HẦM VỚI HOÀI SƠN, LONG NHÃN","Lao phổi, sốt nhẹ, trong đờm có máu.","Hoài sơn, long nhãn mỗi thứ 15 - 25gr, ba ba 1 con. Trước hết đem ba ba thả vào nước sôi, ba ba giãy chết, bài tiết hết phân, nước tiểu, sau đó mổ, rửa sạch, bỏ hết ruột, gan. Cho ba ba (còn cả mai) hoài sơn, long nhãn, hấp cách thủy cho đến khi chín nhừ là ăn được.","Khỏi ráo phổi, thanh nhiệt, tiêu đờm, khỏi ho.","","","","",""
42,"CHỮA LAO PHỔI","NAM HẠNH NHÂN, LÁ DÂU NẤU VỚI PHỔI LỢN","Lao phổi, âm hư, sốt, ho khan, cổ họng khô, khạc ra máu.","Mỗi lần dùng nam hạnh nhân 15 - 20gr, lá dâu 15gr, phổi lợn khoảng 250gr. Ninh nhừ, lấy nước uống, phổi lợn ăn với cơm.","Phổi lợn, thái nhỏ, bóp rửa hết bọt nước.","Thanh nhiệt, khỏi ho, cầm máu.","","","",""
42,"CHỮA LAO PHỔI","HẠT SEN HẦM VỚI THỊT NẠC","Lao phổi, sốt nhẹ, ho khan.","Mỗi lần dùng hạt sen, bách hợp, mỗi thứ 30gr, thịt lợn nạc 200 - 250gr. Ninh nhừ, cho gia vị vào ăn với cơm.","Mát phổi, khỏi ho khan.","","","","",""
42,"CHỮA LAO PHỔI","TUYẾT LÊ, MỘC NHĨ TRẮNG SẮC VỚI XUYÊN BỐI MẪU","Lao phổi, ho.","Lê 1 quả, mộc nhĩ 6gr, xuyên bối mẫu 3gr. Sắc lấy nước uống.","Khỏi ráo phổi, cắt cơn ho.","","","","",""
42,"CHỮA LAO PHỔI","BỘT THỊT RÙA","Lao phổi","Lấy 1 con rùa còn sống, dùng dây buộc chặt chân, đầu. Dùng đất sét dẻo bọc chặt lấy con rùa, đặt trên lò than, đốt cháy, tán thành bột. Mỗi ngày 3 lần, mỗi lần uống 1 liều than rùa, uống với nước sôi. Mỗi đợt điều trị 5 ngày, điều trị liên tục nửa tháng sẽ thấy kết quả.","","","","","",""
42,"CHỮA LAO PHỔI","GÀ GÔ HẤP VỚI NGỌC TRÚC","Người mắc bệnh lao phổi, cơ thể suy nhược, ho ra đờm đặc khó khạc ra, sốt về chiều.","Mỗi lần dùng khoảng 15gr ngọc trúc, 1 con gà gô. Gà làm sạch lông, bỏ ruột. Cho ngọc trúc và gà hấp cách thủy.","Điều trị 2 - 4 lần sẽ có hiệu quả. Bài thuốc này có thể dùng điều trị bệnh tim, xơ cứng động mạch do phong thấp ở người cao tuổi.","","","","",""
42,"CHỮA LAO PHỔI","GAN GÀ HẤP VỚI VỎ SÒ","Bệnh lao phổi.","Đem vỏ sò đốt cháy, tán thành bột, mỗi lần dùng từ 1 - 9gr, trộn với 2 lá gan gà. Hấp cách thủy.","Bổ máu, bổ phổi, tiêu đờm, khỏi ho. Bài thuốc này còn có thể dùng điều trị bệnh tràng nhạc, bệnh cam trẻ em.","","","","",""
42,"CHỮA LAO PHỔI","HOÀNG TINH HẤP THỊT LỢN NẠC","Bệnh lao phổi, ho ra máu, cơ thể suy nhược.","Mỗi lần dùng 30 - 60gr hoàng tinh, phổi lợn khoảng 120 - 150gr. Hấp cách thủy ăn.","Bổ trung ích khí, nhuận phổi, cầm máu.","","","","",""
42,"CHỮA LAO PHỔI","LÁ HẸ NẤU VỚI SÒ BIỂN","Bệnh lao phổi, cơ thể suy nhược.","Mỗi lần dùng 100-150gr lá hẹ, 150 - 200gr thịt sò biển. Nấu chín kỹ. Ăn vào 2 bữa cơm.","Nhuận phổi, ôn trung, bổ hư.","","","","",""
42,"CHỮA LAO PHỔI","BẠCH CẬP HẤP VỚI TỔ YẾN","Lao phổi, ho ra máu.","Mỗi lần dùng 6 - 9gr bạch cập, 6 - 9gr tổ yến. Hấp cách thủy, chắt lấy nước cho đường phèn vào, quấy đều, đun tiếp 15 phút. Mỗi ngày uống 1 - 2 lần.","Khỏi ráo phổi, cầm máu. Bài thuốc này có thể dùng trị bệnh viêm phế quản mạn tính ở người cao tuổi.","","","","",""
42,"CHỮA LAO PHỔI","HOÀI SƠN HẤP VỚI LƯƠN","Bệnh lao phổi lâu ngày chưa khỏi.","Mỗi lần dùng 1 - 2 con lươn (khoảng 250gr), hoài sơn, bách hợp mỗi thứ 30gr. Lươn bỏ ruột, rửa sạch. Tất cả trộn đều, hấp cách thủy. Ăn hết trong một lần.","Kiện tỳ, bổ phế, nhuận phổi, khỏi ho.","","","","",""
42,"CHỮA LAO PHỔI","HOÀI SƠN NẤU VỚI NƯỚC MÍA","Lao phổi, ho.","Mỗi lần dùng 60gr hoài sơn, giã nát trộn vào 1/2 bát nước mía. Hấp cách thủy.","Bổ tỳ, khỏi ráo phổi, tiêu đờm, khỏi ho.","","","","",""
42,"CHỮA LAO PHỔI","NƯỚC LÊ HẤP SỮA MẸ","Ho lao, cơ thể suy nhược.","Mỗi lần dùng lê tươi ép lấy 100ml nước, cho vào 100ml sữa người. Hấp cách thủy.","Bổ âm, khỏi ráo phổi, tiêu đờm, khỏi ho.","","","","",""
42,"CHỮA LAO PHỔI","SỮA NGỰA","Bệnh lao phổi, ho.","Mỗi lần dùng 300ml sữa ngựa tươi pha vào một ít đường trắng, đun sôi, uống 1 lần.","Bổ huyết, sinh huyết, khỏi ráo phổi, khỏi ho.","","","","",""
42,"CHỮA LAO PHỔI","CANH THỊT LỢN NẠC, NGỌC TRÚC","Bệnh lao phổi, ho.","Mỗi lần dùng 300gr ngọc trúc, 100 - 150gr thịt lợn nạc. (Cho vào 4 bát nước, sắc lấy 2 bát, cho vào canh 1 ít muối). Ăn thịt uống nước.","Bổ âm, khỏi ráo phổi, khỏi ho.","","","","",""
42,"CHỮA LAO PHỔI","TRỨNG GÀ NẤU VỚI SỮA ĐẬU NÀNH","Bệnh lao phổi, ho.","Mỗi lần dùng 1 bát sữa đậu tương, đun sôi, đập vào sữa 1 quả trứng gà, quấy đều, cho vào 1 ít đường trắng.","Khỏi ráo phổi, mát phổi, tiêu đờm.","","","","",""
42,"CHỮA LAO PHỔI","NAM HẠNH NHÂN NẤU VỚI PHỔI DÊ","Bệnh lao phổi.","Mỗi lần dùng 30gr nam hạnh nhân, phổi dê khoảng 250gr. Phổi dê thái thành miếng, bóp rửa hết bọt khí, hầm với nam hạnh nhân.","Khỏi ráo phổi, giải độc, tăng cường khí huyết.","","","","",""
42,"CHỮA LAO PHỔI","XUYÊN BỐI, TUYẾT LÊ NẤU VỚI PHỔI LỢN","Lao phổi, cổ họng khô, ho khan, khạc ra máu.","Mỗi lần dùng 10gr xuyên bối mẫu, 2 quả tuyết lê, 250gr phổi lợn. Lê gọt vỏ, thái miếng; phổi lợn thái nhỏ, bóp rửa sạch bọt. Cho nước vừa đủ, đun nhỏ lửa, sắc lấy nước uống (sắc trong 3 tiếng), có thể cho vào 1 ít đường phèn để uống.","Tiêu đờm, khỏi ráo phổi, khỏi ho, điều hòa máu.","","","","",""
42,"CHỮA LAO PHỔI","ĐÔNG TRÙNG HẠ THẢO HẤP VỚI THỊT VỊT","Bệnh lao phổi, ho, âm hư.","Mỗi lần dùng 1 con vịt đực, làm sạch lông, bỏ ruột, lấy 15gr đông trùng hạ thảo (rau cải trời) cho vào trong bụng vịt. Hấp cách thủy. Khi ăn cho gia vị.","Tăng cường khí huyết, tiêu đờm.","","","","",""
42,"CHỮA LAO PHỔI","CỦ CẢI, MẬT ONG HẤP CÁCH THỦY","Lao phổi, cổ họng khô, ho khan, trong đờm có máu.","Mỗi lần dùng 1 củ cải to (khoảng 500gr), mật ong 60gr. Củ cải rửa sạch, gọt vỏ khoét rỗng, cho mật ong vào trong bỏ vào 1 cái bát. Hấp cách thủy, củ chín là ăn được.","Khỏi ráo phổi, cắt cơn ho, tiêu đờm, điều hòa khí huyết.","","","","",""
42,"CHỮA LAO PHỔI","BÁCH HỢP SẮC VỚI ĐƯỜNG","Lao phổi, ho khan, ho ra máu.","Mỗi lần dùng 10 - 15gr bách hợp. Cho vào nước vừa đủ, đường 1 ít. Sắc kỹ lấy nước uống.","Mát phổi, khỏi ho, bổ khí huyết, cầm máu.","","","","",""
42,"CHỮA LAO PHỔI","ĐÔNG TRÙNG HẠ THẢO HẤP VỚI CUỐNG NHAU THAI NHI","Bệnh lao phổi, ho khan, cơ thể suy nhược.","Mỗi lần dùng 10-15gr đông trùng hạ thảo, cuống nhau thai nhi tươi 1/2 chiếc hoặc 1 chiếc thái nhỏ. Tất cả đem hấp cách thủy. Ăn 1- 2 lần sẽ thấy có hiệu quả.","Bổ phổi, thận, khỏi ho.","","","","",""
42,"CHỮA LAO PHỔI","CHÁO BỘT NGÓ SEN","Lao phổi.","Dùng 1 lượng vừa phải bột ngó sen khô, cho vào ít nước, quấy đều, đun sôi thành cháo. Trước khi ăn có thể cho vào 1 ít đường.","Bổ khí huyết, bổ phổi. Chữa chứng viêm khí quản mạn tính, sốt nhẹ, ho có đờm đặc, khạc ra máu.","","","","",""
42,"CHỮA LAO PHỔI","CON RẾT SAO TÁN BỘT","Bệnh lao phổi.","Con rết bỏ đầu, chân sao vàng tán nhỏ uống với nước sôi. Mỗi lần dùng 3 - 5 con, mỗi ngày 2- 3 lần.","Chữa bệnh lao viêm màng phổi.","","","","",""
42,"CHỮA LAO PHỔI","BỘT HẢI SÂM, BẠCH CẬP, MAI RÙA","Bệnh lao phổi.","Dùng 500gr hải sâm, 250gr bạch cập, 1 mai rùa (nướng giòn). Tất cả đem sao, tán thành bột. Uống mỗi lần 25gr, mỗi ngày uống 3 lần, uống với nước sôi.","","","","","",""
42,"CHỮA LAO PHỔI","LƯƠN HẦM VỚI XUYÊN BỐI, BÁCH BỘ","Bệnh lao phổi.","Mỗi lần dùng 250gr lươn, 6gr xuyên bối, bách bộ vừa đủ. Tất cả đem ninh nhừ ăn nóng.","","","","","",""
42,"CHỮA LAO PHỔI","LƯƠN NẤU VỚI BỐI MẪU, BÁCH HỢP","Bệnh lao phổi.","Mỗi lần dùng 1 con lươn, 15gr bối mẫu, 15gr bách hợp, 10gr bách bộ, 15gr rễ lau, nấu chín nhừ, ăn. Chia làm 2 lần ăn hết trong ngày.","","","","","",""
42,"CHỮA LAO PHỔI","THANG BONG BÓNG CÁ VÀNG (TO), HOÀI SƠN","Bệnh lao phổi.","Lấy hoài sơn, bong bóng cá vàng (to). Tất cả đem nấu lên để ăn.","","","","","",""
43,"THUỐC VIÊM GAN LÂY CẤP TÍNH","NHÂN TRẦN SẮC VỚI XA TIỀN THẢO","Viêm gan cấp lây (bệnh trạng: mắt, toàn, thân vàng, màu vàng tươi, tim hồi hộp, sốt, vùng bụng trướng lên, buồn nôn, ăn không thấy ngon miệng, nước đái vàng, đậm, bựa lưỡi vàng, nhầy, mạch nhu).","Nhân trần và tiền thảo mỗi thứ 100gr (hoặc xa tiền tử 20gr). Cho vào 1.000ml nước sắc lấy 800ml. Mỗi lần uống 200ml, mỗi ngày uống 3 - 4 lần (có thể cho vào ít đường trắng).","Thanh nhiệt, trừ thấp, lợi mật, khỏi vàng da. Chữa trị chứng viêm gan cấp, phát sốt, vàng da, tiêu viêm.","","","","",""
43,"THUỐC VIÊM GAN LÂY CẤP TÍNH","NHÂN TRẦN SẮC VỚI BỒ CÔNG ANH","Viêm gan cấp, lây (bệnh trạng như trên).","Mỗi lần dùng 100gr nhân trần, 50gr bồ công anh. Cho vào 500ml nước, sắc lấy 400ml, cho vào 30gr đường trắng. Chia làm 2 lần uống hết trong ngày.","Thanh nhiệt, giải độc, lợi tiểu, hết vàng da. Chữa chứng viêm gan cấp, sốt, vàng da.","Viêm gan mạn tính không được dùng bài thuốc này.","","","",""
43,"THUỐC VIÊM GAN LÂY CẤP TÍNH","HẠ KHÔ THẢO HẦM VỚI THỊT LỢN NẠC","Bệnh viêm gan lây.","Mỗi lần dùng 6 - 24gr hạ khô thảo, 30gr thịt lợn nạc. Cho nước vừa đủ, nấu chín kỹ. Ăn thịt uống nước. Điều trị 2 - 3 lần sẽ có hiệu quả. Có thể dùng hạ khô thảo, đường đỏ hầm với nước sôi cũng có hiệu quả.","Thanh nhiệt, giải độc, khỏi vàng da.","","","","",""
43,"THUỐC VIÊM GAN LÂY CẤP TÍNH","THANG TRẦN BÌ VỚI TÁO TÀU","Viêm gan cấp.","Lấy 2 lạng trần bì, 10 quả táo, cho vào nước, sắc kỹ lấy nước uống. Có thể cho vào ít đường. Uống liên tục sẽ có hiệu quả.","Thanh nhiệt, giải độc, khỏi vàng da.","","","","",""
43,"THUỐC VIÊM GAN LÂY CẤP TÍNH","ĂN LÊ THƯỜNG XUYÊN","Viêm gan, gan xơ cứng.","Tuyết lê gọt bỏ vỏ, ăn thường xuyên có tác dụng chữa viêm gan, gan xơ cứng.","","","","","",""
43,"THUỐC VIÊM GAN LÂY CẤP TÍNH","GAN LỢN NẤU VỚI TRÂN CHÂU THẢO","Viêm gan cấp, lây.","Dùng 100gr gan lợn, 60gr trân châu thảo (khô thì dùng 30gr), nấu canh, ăn gan, uống nước canh. Mỗi ngày ăn 1 lần, điều trị liên tục 1 tuần. Bài thuốc này còn dùng chữa bệnh cam ở trẻ em.","","","","","",""
43,"THUỐC VIÊM GAN LÂY CẤP TÍNH","CANH CÁ CHUỐI","Viêm gan cấp.","Dùng 1 con cá chuối còn sống, rửa sạch, bỏ đầu, cho gia vị vào nấu chín, ăn với cơm.","- Thanh nhiệt, giải độc, lợi mật, khỏi vàng da. Còn dùng chữa chứng ra mồ hôi trộm, trĩ, ngứa da, ngã bị tổn thương, liệt dương, đau vú...","","","","",""
43,"THUỐC VIÊM GAN LÂY CẤP TÍNH","KÊ CỐT THẢO SẮC VỚI TÁO TÀU","Viêm gan cấp, vàng da.","Mỗi lần dùng 60gr kê cốt thảo, 10 quả táo. Cho vào 3 bát nước, sắc lấy 1 bát. Bỏ bã, uống nước.","Tiêu viêm, giải độc, bổ máu, bổ gan.","","","","",""
43,"THUỐC VIÊM GAN LÂY CẤP TÍNH","CANH GAN LỢN, TRÂN CHÂU THẢO","Viêm gan cấp, lây.","Mỗi lần dùng 60gr trân châu thảo tươi (khô 30gr), 60 - 100gr gan lợn. Cho nước vừa đủ, nấu chín kỹ, ăn gan lợn, uống nước. Mỗi ngày 1 lần; điều trị 6 ngày sẽ có hiệu quả.","Thanh nhiệt, bổ gan, giải độc.","","","","",""
43,"THUỐC VIÊM GAN LÂY CẤP TÍNH","CANH NHÂN TRẦN, THỊT HẾN","Viêm gan cấp, vàng da.","Mỗi lần dùng 30gr nhân trần, 100 - 150 gr thịt hến. Nấu canh, uống nước, ăn thịt hến.","Thanh nhiệt, lợi thấp, bổ gan, tiêu viêm.","","","","",""
43,"THUỐC VIÊM GAN LÂY CẤP TÍNH","CANH RAU CẦN, TÁO TÀU","Viêm gan cấp, vàng da.","Mỗi lần dùng 200 - 400gr rau cần, táo 50 - 100gr. Nấu canh, chia nhiều lần ăn trong ngày.","Thanh nhiệt, lợi tiểu, bổ gan, tiêu viêm.","","","","",""
43,"THUỐC VIÊM GAN LÂY CẤP TÍNH","RÂU NGÔ NẤU VỚI SÒ","Vàng da, viêm gan cấp.","Mỗi lần dùng 30 - 60gr râu ngô, 150 - 200gr thịt sò. Nấu canh để ăn. Cách ngày ăn 1 lần, điều trị 2 - 3 lần sẽ có hiệu quả.","Mát gan, khỏi vàng da.","","","","",""
44,"CHỮA VIÊM GAN MẠN TÍNH, XƠ GAN","CANH NHÂN TRẦN, TÁO TÀU","Viêm gan mạn tính và xơ cứng gan dạng tỳ hư, thấp (bệnh trạng: Sắc mặt xám, mắt và thân thể vàng da, không sốt, miệng không khát, chân tay không nóng, ăn không ngon miệng, ỉa lỏng, nhạt miệng, bựa lưỡi nhầy, mạch chậm).","Nhân trần 15gr, táo 4 quả, mì khô 6gr, đường đỏ vừa đủ. Cho nước vừa đủ, sắc kỹ, uống nước. Mỗi ngày uống 2 lần.","Lợi thấp, khỏi vàng da, bổ gan, tăng cường khí huyết. Chữa có hiệu quả viêm gan mạn tính, tỳ hư thấp thịnh.","","","","",""
44,"CHỮA VIÊM GAN MẠN TÍNH, XƠ GAN","CHÁO PHỤC LINH, TÁO TÀU, GẠO TẺ","Viêm gan mạn tính và xơ cứng gan (bệnh trạng như trên).","Bột phục linh 30gr, gạo tẻ 100gr, táo 10 quả. Cho gạo, táo vào nấu thành cháo, sau đó cho bột phục linh vào quấy đều, đun sôi là được.","Chữa chứng viêm gan mạn tính, tỳ vị hư nhược, táo bón, mất ngủ.","","","","",""
44,"CHỮA VIÊM GAN MẠN TÍNH, XƠ GAN","QUẢ PHẬT THỦ","Viêm gan mạn tính và xơ cứng gan (bệnh trạng: đau vùng lườn, bụng trướng, đầy hơi, bựa lưỡi trắng, sốt nhẹ, mạch huyền).","Quả phật thủ 15gr, đường trắng vừa đủ. Sắc lấy nước uống. Ngày uống nhiều lần. Hoặc đem quả phật thủ nấu cháo gạo tẻ. Ăn thường xuyên.","Chữa khỏi đau tức vùng bụng, viêm gan.","Những người mắc chứng âm hư, nóng trong không dùng được bài thuốc này.","","","",""
44,"CHỮA VIÊM GAN MẠN TÍNH, XƠ GAN","SAI HỒ, BẠCH THƯỢC...","Viêm gan mạn tính và xơ cứng gan.","Sai hồ, bạch thược, hương phụ tử, chỉ xác và mạch nha mỗi thứ 30gr, cam thảo và xuyên khung mỗi thứ 10gr. Cho vào 2.000ml nước sắc lấy 1.500ml, bỏ bã, cho 1 ít đường vào quấy đều. Mỗi lần uống 30ml, mỗi ngày 2 lần.","Chữa trị viêm gan mạn tính, sốt nhẹ, đau vùng lườn, tức ngực, đầy hơi.","","","","",""
44,"CHỮA VIÊM GAN MẠN TÍNH, XƠ GAN","CANH CÁ CHÉP, TRẦN BÌ, ĐẬU ĐỎ","Viêm gan mạn tính, xơ gan do gan thận âm hư (sắc mặt sạm đen, nóng ruột cồn cào, gan to, cứng, lưỡi đỏ, bựa lưỡi ít, môi khô miệng nóng, chảy máu mũi, mạch vi).","Dùng 1 con cá chép (khoảng 500gr), trần bì 6gr, đậu đỏ 120gr. Cá chép đánh sạch vẩy, rửa sạch, cho vào đậu đỏ, trần bì, nấu thành cháo, có thể cho vào 1 ít đường. Ăn cá, uống nước.","Tiêu phù nề, khỏi vàng da, khỏi xơ gan.","","","","",""
44,"CHỮA VIÊM GAN MẠN TÍNH, XƠ GAN","SƠN DƯỢC, LONG NHÃN HẦM VỚI BA BA","Xơ gan, viêm gan mạn tính do gan thận âm hư (bệnh trạng như trên).","Sơn dược 30gr, long nhãn 30gr, 1 con ba ba. Tất cả đem ninh nhừ. Ăn thịt, uống nước.","Chữa khỏi chứng xơ gan, viêm gan mạn tính, phù nề, âm hư, sốt nhẹ.","","","","",""
44,"CHỮA VIÊM GAN MẠN TÍNH, XƠ GAN","TRỨNG GÀ HẦM VỚI TỬ CHÂU THẢO","Xơ gan","Mỗi lần dùng 120gr tử châu thảo tươi, 4 quả trứng gà. Cho nước vừa đủ, luộc chín trứng gà, bóc bỏ vỏ, tiếp tục nấu trứng gà đã bóc vỏ trong nước tử châu thảo trong 1 tiếng cho đến khi trứng có màu đen. Mỗi lần ăn 1 quả trứng, mỗi ngày ăn 2 lần. Ăn liên tục 100 quả trứng gà, trong 1 quy trình trị liệu.","Chữa chứng xơ gan thời kỳ đầu rất hiệu quả.","","","","",""
44,"CHỮA VIÊM GAN MẠN TÍNH, XƠ GAN","KÊ CỐT THẢO HẦM VỚI ỐC","Viêm gan mạn tính, xơ gan.","Mỗi lần dùng 30 - 60gr kê cốt thảo, 250 - 400gr ốc. Trước hết cho ốc vào nước sạch để 24 - 48 tiếng, thay nước, rửa nhiều lần cho sạch bùn, lấy lưỡi dao đập vỡ đít ốc. Nấu với kê cốt thảo, lấy nước uống. Điều trị 2 - 3 lần sẽ có hiệu quả.","Thanh nhiệt, lợi thấp, khỏi xơ gan.","","","","",""
44,"CHỮA VIÊM GAN MẠN TÍNH, XƠ GAN","NẤU TRỨNG GÀ VỚI KỶ TỬ, TÁO TÀU","Viêm gan mạn tính.","Mỗi lần dùng 15 - 30gr kỷ tử, 6 - 8 quả táo, 2 quả trứng gà. Cho trứng gà, kỷ tử, táo vào đun sôi kỹ, trứng chín vớt ra bóc bỏ vỏ, cho trứng đã bóc vỏ vào nước thuốc tiếp tục đun sôi 15 phút nữa. Ăn trứng, uống nước. Thường điều trị 1 - 3 lần sẽ có hiệu quả. Mỗi ngày hoặc cách ngày điều trị 1 lần.","Bổ tỳ, bổ máu, bổ gan, sinh huyết.","","","","",""
44,"CHỮA VIÊM GAN MẠN TÍNH, XƠ GAN","ĐIỀN CƠ HOÀNG HẦM VỚI TRỨNG GÀ","Viêm gan mạn tính.","Mỗi lần có thể dùng 120gr điền cơ hoàng tươi, 2 quả trứng gà. Cho nước vừa đủ, luộc chín kỹ. Trứng chín, bóc bỏ vỏ, tiếp tục cho trứng vào nước thuốc luộc tiếp 15 phút. Ăn trứng, uống nước. Mỗi ngày ăn 1 lần; liên tục điều trị 7 ngày.","Thanh nhiệt, lợi thấp, giải độc, bổ gan.","","","","",""
44,"CHỮA VIÊM GAN MẠN TÍNH, XƠ GAN","CANH THỊT LỢN NẠC, NẤM TƯƠI","Viêm gan mạn tính.","Mỗi lần dùng 100gr nấm tươi, 100gr thịt lợn nạc. Cho nước vừa đủ, ninh nhừ, cho vào canh 1 ít muối. Ăn vào 2 bữa cơm (dùng làm thức ăn, ăn cơm).","Bổ âm, nhuận phổi, bổ gan, tiêu viêm.","","","","",""
44,"CHỮA VIÊM GAN MẠN TÍNH, XƠ GAN","THỊT BÒ XÀO CÀ CHUA","Viêm gan mạn tính.","Mỗi lần dùng 250gr cà chua tươi, rửa sạch, thái lát, thịt bò thái mỏng. Cho vào ít dầu ăn, muối, xào chín kỹ, dùng làm thức ăn với cơm.","Bổ gan, bổ máu, bổ tỳ, tiêu viêm.","","","","",""
44,"CHỮA VIÊM GAN MẠN TÍNH, XƠ GAN","CANH XƯƠNG LỢN HẦM RỄ LÁ BẠCH BỐI (BẠCH THƯỢC)","Viêm gan mạn tính.","Mỗi lần dùng 90gr lá rễ bạch bối tươi (khô dùng 30gr), 200gr xương sống lợn, chặt thành khúc nhỏ. Cho vào 5 bát nước, đun cạn còn 1 bát, cho vào 1 ít muối ăn, gia vị. Chia làm 2 bữa ăn hết trong ngày.","Lợi thấp, bổ gan, sinh huyết, bổ âm.","","","","",""
44,"CHỮA VIÊM GAN MẠN TÍNH, XƠ GAN","LƯƠN VÀNG NẤU VỚI RỄ LAU, TẦM GỬI DÂU","Viêm gan mạn tính.","Mỗi lần dùng 2 - 3 con lươn vàng, bỏ ruột, 30gr rễ lau, 60gr tang ký sinh (tầm gửi cây dâu). Cho nước vừa đủ, nấu chín kỹ, cho ít muối ăn, gia vị vào. Ăn thịt lươn, uống nước canh.","Thanh nhiệt, bổ gan, bổ âm, bổ huyết.","","","","",""
44,"CHỮA VIÊM GAN MẠN TÍNH, XƠ GAN","LẠC NHÂN NẤU VỚI ĐƯỜNG ĐỎ, TÁO TÀU","Viêm gan mạn tính, xơ gan.","Dùng táo, lạc nhân, đường đỏ, mỗi thứ 50gr. Nấu canh để ăn. Uống mỗi ngày 1 lần, liên tục trong 30 ngày.","Làm giảm lượng a-xít a-min trong máu.","","","","",""
44,"CHỮA VIÊM GAN MẠN TÍNH, XƠ GAN","CANH CÁ CHÉP, ĐẬU ĐỎ","Xơ gan, báng nước.","Dùng 1 con cá chép còn sống, 500gr đậu đỏ. Cho vào 2 - 3 bát nước, ninh nhừ. Ăn cả cái lẫn nước. Chia làm 3 lần, ăn hết trong ngày.","Tiêu phù.","","","","",""
44,"CHỮA VIÊM GAN MẠN TÍNH, XƠ GAN","BỘT CON DẾ MÈN","Xơ gan.","Dùng 2 con dế mèn, sắc lấy nước uống. Hoặc dùng 6 con dế mèn, sao vàng, tán thành bột, chia làm 3 lần, uống với nước sôi.","","","","","",""
44,"CHỮA VIÊM GAN MẠN TÍNH, XƠ GAN","CAO MAI RÙA","Xơ gan.","Mai rùa biển cho nước vừa đủ, ninh nhừ, cô đặc thành cao, cho vào cao một ít đường đỏ. Mỗi ngày ăn 2 - 3 thìa (dùng loại mai rùa nào cũng được).","Chữa khỏi xơ gan.","","","","",""
44,"CHỮA VIÊM GAN MẠN TÍNH, XƠ GAN","MAI BA BA HẦM VỚI VẨY TÊ TÊ","Xơ gan.","Dùng 30gr mai ba ba, 5gr vẩy tê tê. Cho nước đủ, sắc kỹ. Mỗi ngày uống 1 thang.","","","","","",""
44,"CHỮA VIÊM GAN MẠN TÍNH, XƠ GAN","THỊT GÀ MÁI HẦM VỚI DẦU TÔ TỬ","Xơ gan.","Gà mái 1 con. Sau khi ninh nhừ thịt gà, cho vào 2 lạng dầu tô tử, tiếp tục đun sôi một lúc là được. Không cho muối. Ăn hết trong ngày. Điều trị liên tục nhiều ngày.","","","","","",""
44,"CHỮA VIÊM GAN MẠN TÍNH, XƠ GAN","MÀNG MỀ GÀ SẮC VỚI SAI HỒ...","Xơ gan.","Dùng 12gr màng mề gà, cho thêm bạch truật, bạch thược, sai hồ mỗi thứ 10gr. Sắc lấy nước uống.","","","","","",""
44,"CHỮA VIÊM GAN MẠN TÍNH, XƠ GAN","MẬT LỢN, ĐẬU XANH HOÀN","Xơ gan.","Dùng 4 cái mật lợn, 500gr bột đậu xanh (đã sao chín), luyện thành thuốc viên. Mỗi lần uống 6 - 9gr, mỗi ngày 3 lần, uống đến hết thì ngừng.","","","","","",""
45,"CHỮA VIÊM TÚI MẬT VÀ SỎI MẬT","CHÈ TIÊU VIÊM, LỢI MẬT","Viêm túi mật, sỏi mật.","Dùng râu ngô, bồ công anh, nhân trần, mỗi thứ 30gr. Cho vào 1.000ml nước, sắc lấy nước bỏ bã, cho đường trắng vào thuốc. Uống nóng. Mỗi ngày uống 3 lần, mỗi lần 250ml.","- Lợi tiểu, lợi mật, thanh nhiệt, tan sỏi, bổ tỳ, kháng khuẩn, tiêu viêm. Điều trị viêm túi mật, sỏi thận vào thời kỳ đau phát sốt rất hiệu quả. Nhưng phải điều trị dài ngày (uống nhiều). Viêm gan vàng da cấp tính cũng dùng được.","","","","",""
45,"CHỮA VIÊM TÚI MẬT VÀ SỎI MẬT","CHÈ THẢO KIM TIỀN, CÂY RAU ĐẮNG, NHÂN TRẦN","Viêm túi mật, sỏi mật.","Dùng thảo kim tiền, cây rau đắng và nhân trần mỗi thứ 30gr. Sắc với 1 lít nước, cho vào 1 ít đường. Uống nóng, uống thay nước chè hàng ngày.","- Loại nước chè này có tác dụng lợi mật, tiêu viêm, tan sỏi. Qua kiểm chứng lâm sàng, thấy hiệu quả rất tốt. Nhưng phải uống nhiều mới có hiệu quả. Người mắc bệnh viêm túi mật mạn tính có thể thường xuyên dùng loại chè này.","","","","",""
45,"CHỮA VIÊM TÚI MẬT VÀ SỎI MẬT","CANH DƯA CHUỘT, NƯỚC MẬT GÀ","Viêm túi mật, sỏi mật.","Dùng 100gr dưa chuột, rửa sạch, sắc lấy 100ml nước, lấy nước 1 chiếc mật gà hòa vào, đun sôi, uống nóng.","Điều trị có hiệu quả bệnh viêm túi mật, sỏi mật.","Những người cơ thể vốn ở thể hư hàn không dùng được.","","","",""
45,"CHỮA VIÊM TÚI MẬT VÀ SỎI MẬT","NUỐT THỊT CÁ DIẾC HOA TƯƠI","Viêm túi mật.","Dùng 1 - 2 con cá diếc hoa còn sống, làm sạch, lọc lấy thịt ở trên sống lưng cá, thái nhỏ. Nuốt mỗi lần 1 con, uống với nước sôi.","","","","","",""
45,"CHỮA VIÊM TÚI MẬT VÀ SỎI MẬT","THUỐC TIÊU SỎI MẬT","Viêm túi mật, sỏi mật.","Bột uất kim hương 20gr, bột phèn trắng 15gr, nitrat kali 30gr, bột hoạt thạch 60gr, bột cam thảo 10gr. Tất cả đem tán nhỏ, trộn đều. Mỗi lần uống 10gr, uống với nước cháo. Mỗi ngày uống 3 lần.","","","","","",""
45,"CHỮA VIÊM TÚI MẬT VÀ SỎI MẬT","CANH SÒ NẤU VỚI RÂU NGÔ","Sỏi mật.","Mỗi lần dùng 30 - 60gr râu ngô, 150 - 200gr thịt con sò. Ninh nhừ. Cách ngày ăn 1 lần. Điều trị 2 -3 lần sẽ có kết quả.","","","","","",""
45,"CHỮA VIÊM TÚI MẬT VÀ SỎI MẬT","KÊ CỐT THẢO HẦM TÁO TÀU","Viêm túi mật, sỏi mật.","Mỗi lần dùng 60gr kê cốt thảo, 10 quả táo. Cho vào 3 bát nước; sắc lấy 1 bát, bỏ bã, uống nước.","Thanh nhiệt, giải độc, bổ mật, tan sỏi mật.","","","","",""
45,"CHỮA VIÊM TÚI MẬT VÀ SỎI MẬT","CAO MẬT LỢN, MẬT ONG","Viêm túi mật.","Mật lợn hòa với mật ong, đun sôi, cô đặc thành cao. Mỗi lần ăn 1 thìa, mỗi ngày 2 lần.","","","","","",""
45,"CHỮA VIÊM TÚI MẬT VÀ SỎI MẬT","MẬT GẤU","Viêm túi mật.","Mỗi ngày dùng 0,2 - 0,4gr mật gấu. Chia làm 2 lần, uống với nước sôi.","","","","","",""
45,"CHỮA VIÊM TÚI MẬT VÀ SỎI MẬT","MẬT CÁ DIẾC UỐNG VỚI RƯỢU","Viêm túi mật.","Mật cá diếc 5 - 10 giọt (loại cá biển) uống với rượu.","","","","","",""
46,"CHỮA HUYẾT ÁP THẤP","NHÂN SÂM, MẠCH MÔN ĐÔNG...","Huyết áp thấp (bệnh trạng: Người có số đo dưới 90 - 60, ngủ hay mơ, cơ thể suy nhược, nhức đầu, lú lẫn, mất ngủ, trí lực kém, hay quên, mệt mỏi, tức ngực. Khi huyết áp càng hạ thấp càng chóng mặt, hôn mê. Biểu hiện trực tiếp hạ huyết áp: khi ngủ dậy đau đầu, hoa mắt, đầu nặng chân nhẹ đi loạng choạng, da nhợt nhạt, mặt tái, ra mồ hôi trộm, tim đập hồi hộp. Còn có thể sinh ra: dương suy, bí đái, mắt sụp xuống, run rẩy, tê liệt và bước đi không vững vàng, nguy hiểm hơn có thể dẫn đến hôn mê).","Mạch môn đông, nhân sâm và ngũ vị mỗi thứ 6 - 9gr, sắc uống nhiều lần, liên tục trong 7 ngày.","","","","","",""
46,"CHỮA HUYẾT ÁP THẤP","CHÈ TĂNG HUYẾT ÁP","Huyết áp thấp (bệnh trạng như trên).","Nhục quế, quế chi, cam thảo sao, mỗi thứ 9gr. Hãm nước sôi, uống thay nước chè. Điều trị liên tục trong 30 ngày.","","","","","",""
46,"CHỮA HUYẾT ÁP THẤP","NHÂN SÂM","Huyết áp thấp.","Có thể chỉ dùng riêng nhân sâm 9gr, sắc lấy nước uống.","","","","","",""
46,"CHỮA HUYẾT ÁP THẤP","NHUNG HƯƠU","Huyết áp tăng không ổn định (nếu dùng nhân sâm... đều không giữ được huyết áp đã được tăng, cơ thể vẫn suy nhược, gầy, sợ lạnh, tay chân giá, dương suy, đái đêm nhiều, nhạt miệng, bựa lưỡi trắng, mạch yếu).","Có thể dùng 0,3gr bột nhung hươu, cho vào trong quả trứng gà, hấp chín ăn. Mỗi sáng ăn 1 quả trứng hấp nhung hươu. Ăn liên tục 15 - 30 ngày.","","Người cao tuổi không được ăn kéo dài vì dễ sinh bệnh huyết áp cao.","","","",""
47,"CHỮA BỆNH TIM","ĐỊA LONG","Bệnh tim.","Dùng 15gr địa long, chia làm 10 phần, mỗi ngày dùng 1 phần, uống vào 2 buổi sáng chiều, địa long sắc với 30gr rễ cây chè lâu năm, 15gr tiền thảo, lấy nước uống. Bài thuốc này chữa bệnh về động mạch vành có hiệu quả.","","","","","",""
47,"CHỮA BỆNH TIM","XÁC VE","Bệnh tim.","Dùng 5 - 10gr xác ve, sắc lấy nước uống. Có thể dùng chữa chứng đau thắt tim.","","","","","",""
47,"CHỮA BỆNH TIM","UỐNG DẦU LÒNG ĐỎ TRỨNG GÀ","Bệnh tim.","Dùng lòng đỏ trứng gà (trứng vịt cũng được), đun khô, chắt lấy dầu uống. Mỗi lần 1ml, mỗi ngày 2 lần.","","","","","",""
47,"CHỮA BỆNH TIM","GÀ HẦM","Bệnh tim.","Chọn 1 con gà trắng tinh, 1 con rắn bụng nhỏ. Đem rắn làm thịt, chặt bỏ đầu, thái thành từng miếng nhỏ cho gà ăn. Sau 24 tiếng đem gà giết thịt, làm sạch lông, bỏ ruột, rửa sạch. Nấu chín kỹ, ăn thịt, uống nước.","","","","","",""
47,"CHỮA BỆNH TIM","UỐNG BỘT NGŨ LINH CHI, BỒ HOÀNG...","Bệnh tim.","Ngũ linh chi và bồ hoàng mỗi thứ 50gr, giáng hương và hoa hồng mỗi thứ 20gr, tán nhỏ. Mỗi lần uống 5gr, mỗi ngày uống 2-3 lần.","Chữa bệnh động mạch vành tim, đau thắt tim.","","","","",""
47,"CHỮA BỆNH TIM","UỐNG BỘT XẠ HƯƠNG","Bệnh tim.","Xạ hương tán nhỏ, mỗi lần dùng 0,03 - 0.1gr, hoàn tán. Chữa đau thắt tim.","","","","","",""
47,"CHỮA BỆNH TIM","SƠN TRA TRỘN VỚI MẬT ONG","Chứng đau động mạch vành, tim đau thắt.","Quả sơn tra tươi 500gr, rửa sạch, bỏ cuống, bỏ hạt. Cho nước vừa đủ, ninh kỹ, sắc cho đến khi sắp cạn nước, cho 250gr mật ong vào, quấy đều, tiếp tục đun nhỏ lửa, cạn nước là được. Để nguội, chứa trong bình kín. Ăn thường xuyên, ăn nhiều.","","","","","",""
47,"CHỮA BỆNH TIM","NẤU TIM LỢN VỚI NHÂN TÁO, CHU SA...","Bệnh tim.","Nhân táo 5gr, chu sa 0,4gr, 1 quả tim lợn. Dùng thanh cật tre thay dao, cắt tim thành miếng. Xào chín tim, nhân táo, chu sa, chia làm 2, ăn vào bữa sáng, chiều. Điều trị liên tục trong 7 ngày, có thể khỏi bệnh.","","","","","",""
47,"CHỮA BỆNH TIM","CHÁO GẠO TẺ VỚI CỦ KIỆU","Phòng trị chứng đau thắt tim.","Dùng 15gr củ kiệu, 100gr gạo tẻ, nấu thành cháo, mỗi ngày ăn 2 lần.","Chữa trị chứng đau thắt tim có hiệu quả.","Thuốc nóng và tác dụng kéo dài, vì vậy những người dương thịnh không nên dùng và cũng không dùng kéo dài.","","","",""
47,"CHỮA BỆNH TIM","CHÁO GẠO TẺ VỚI BỘT SẮN","Phòng trị bệnh đau thắt tim.","Bột sắn dây 30gr, gạo tẻ 100gr. Nấu thành cháo. Ăn điểm tâm 2 buổi sáng, chiều.","Thuốc có tác dụng chữa đau thắt tim, đái đường, cao huyết áp. Cũng có thể dùng điều trị viêm ruột, đi ỉa chảy, hay sốt nhẹ về mùa hè.","","","","",""
47,"CHỮA BỆNH TIM","CANH RAU HẸ THỊT ẾCH","Phù tim, đau thắt tim.","Dùng 2 con ếch, 3 - 5 cây hẹ (cả rễ), cho vào 1/2 bát nước, nấu chín ăn. Cũng có thể đem thịt ếch nấu với giấm chua.","","","","","",""
47,"CHỮA BỆNH TIM","TẮC KÈ NGÂM RƯỢU, MẬT ONG HOÀN","Phù tim.","Con tắc kè (còn đuôi), ngâm tẩm rượu mật ong, sao khô, tán nhỏ, trộn với bột hồng sâm (sâm Đông bắc), làm thành từng viên như hạt đỗ. Mỗi ngày uống 2 - 3 lần, mỗi lần 3gr.","","","","","",""
47,"CHỮA BỆNH TIM","PHÂN DÊ ĐỰC","Chứng phù tim.","Lấy 20 viên phân dê đực (bách thảo đan), sao khô, tán nhỏ, uống với nước sôi.","","","","","",""
47,"CHỮA BỆNH TIM","CHÁO CUA ĐỒNG, GẠO TẺ","Chứng phù tim.","Dùng cua đồng, gạo tẻ nấu thành cháo ăn.","Chữa chứng phù tim.","","","","",""
48,"CHỮA BỆNH TIM ĐẬP MẠNH","BÁNH PHỤC LINH, BỘT MÌ...","Chứng tim đập mạnh (bên ngoài không có gì đáng kinh sợ, bên trong tự kinh hoảng, tim đập mạnh, không chủ động được. Sắc mặt nhợt nhạt, thường ra mồ hôi trộm, mệt mỏi uể oải, hụt hơi đuối sức, nhạt miệng, lưỡi trắng, mạch yếu).","Phục linh tán nhỏ, bột mì, đường trắng, nước vừa đủ, quấy đều thành hồ đặc. Cho vào chảo đun nhỏ lửa, dàn mỏng, đun cho đến khi đặc lại, chín là được. Dùng ăn sáng hoặc ăn tùy ý.","Bổ dưỡng tim, khí huyết.","","","","",""
48,"CHỮA BỆNH TIM ĐẬP MẠNH","TIM LỢN HẤP VỚI CHU SA","Chứng sợ sệt, tim đập không yên.","Dùng 1 quả tim lợn, 25gr chu sa. Cho bột chu sa vào trong quả tim, hấp chín ăn.","Chữa chứng hồi hộp, tim đập loạn nhịp.","","","","",""
48,"CHỮA BỆNH TIM ĐẬP MẠNH","LÒNG ĐỎ TRỨNG GÀ","Sợ sệt, tim đập không yên.","Lấy lòng đỏ của 3 quả trứng gà. Lấy 1 bộ đồ trang sức bằng bạc của phụ nữ (vòng, hoa tai) dùng nước sôi rửa sạch, sau đó cho vào lòng đỏ trứng gà cùng 1 ít nước. Nấu chín kỹ trứng gà. Lấy lòng đỏ trứng gà ăn.","Giải phiền, ổn định nhịp đập của tim.","","","","",""
48,"CHỮA BỆNH TIM ĐẬP MẠNH","HOA CÚC, NGŨ VỊ TỬ... LUYỆN VỚI MẬT ONG","Bệnh tim đập mạnh.","Dùng ngũ vị tử, kỷ tử, nhân hồ đào, vừng đen, hoa cúc. Tất cả đem sao vàng, tán nhỏ, luyện với mật ong. Mỗi lần ăn 10gr, mỗi ngày 3 lần. Uống với nước sôi, uống vào lúc đói.","Bổ tim, an thần.","","","","",""
48,"CHỮA BỆNH TIM ĐẬP MẠNH","BỘT SÂM MỸ, TAM THẤT","Bệnh tim đập mạnh.","Mỗi lần dùng 4 lát mỏng sâm Mỹ, 10gr tam thất, tán thành bột, uống với nước sôi, hoặc uống với rượu. Mỗi ngày uống 1 lần, điều trị liên tục nhiều lần sẽ có hiệu quả.","Giải phiền, ổn định tim.","","","","",""
48,"CHỮA BỆNH TIM ĐẬP MẠNH","BA BA HẤP HOÀI SƠN, LONG NHÃN","Tim đập mạnh do sợ hãi giật mình.","Hoài sơn và long nhãn mỗi thứ 15 - 25gr, 1 con ba ba. Trước hết đem ba ba còn sống thả vào nước sôi, khiến ba ba bài tiết hết phân, nước tiểu, sau đó mổ ba ba, bỏ hết ruột, gan, rửa sạch. Cho hoài sơn, long nhãn vào trong bụng ba ba (để nguyên cả mai). Hấp cách thủy cho đến khi chín nhừ là ăn được.","Giải phiền, hồi hộp, ổn định tim.","","","","",""
48,"CHỮA BỆNH TIM ĐẬP MẠNH","THỊT RÙA NẤU VỚI BÁCH HỢP, TÁO TÀU","Bệnh tim đập mạnh.","Thịt rùa 250gr, bách hợp 30gr, táo 10 quả. Nấu chín kỹ, ăn cái uống nước.","Giải phiền, khỏi hồi hộp, ổn định nhịp tim.","","","","",""
48,"CHỮA BỆNH TIM ĐẬP MẠNH","TIM LỢN HẤP BÁCH TỬ NHÂN","Bệnh tim đập mạnh do hoảng sợ.","Mỗi lần dùng 10 - 15gr bách tử nhân, 1 quả tim lợn. Cho bách tử nhân (hạt quả tùng) vào trong quả tim. Hấp cách thủy. Ba ngày ăn 1 lần, ăn 2 - 3 lần sẽ có hiệu quả.","Giải độc, an thần. Còn dùng chữa chứng mất ngủ thường xuyên, chứng âm hư, thiếu máu, chứng nóng ruột, táo bón do cơ thể suy nhược của người cao tuổi, bệnh thiếu máu sau khi sinh đẻ.","","","","",""
48,"CHỮA BỆNH TIM ĐẬP MẠNH","TÁO TÀU HẦM VỚI GAN BÒ, DÊ","Tim đập mạnh do hoảng sợ, mệt mỏi.","Gan bò hoặc dê 250gr, thái lát, táo 15 quả. Ninh nhừ, ăn cái, uống nước.","Bổ tim, bổ khí huyết, bổ âm.","","","","",""
48,"CHỮA BỆNH TIM ĐẬP MẠNH","CANH THỊT LỢN NẠC VỚI CON SÒ","Huyết hư, tim đập mạnh do hoảng sợ.","Mỗi lần dùng 150gr thịt sò tươi, 150gr thịt lợn nạc. Cho nước vừa đủ, ít muối, ninh nhừ, ăn vào 2 bữa cơm.","Bổ hư, bổ huyết, ổn định nhịp tim.","","","","",""
48,"CHỮA BỆNH TIM ĐẬP MẠNH","ĐẬU ĐEN, LONG NHÃN, TÁO TÀU","Huyết hư, tim đập mạnh.","Mỗi lần dùng 50gr đậu đen, 15gr long nhãn, 50gr táo. Cho vào 3 bát nước, đun còn 2 bát. Chia làm 2 lần, ăn hết vào 2 buổi sáng, chiều.","Bổ âm, huyết, tim, khí.","","","","",""
48,"CHỮA BỆNH TIM ĐẬP MẠNH","TÁO TÀU HẦM VỚI TIM DÊ","Huyết hư, tim đập mạnh.","Mỗi lần dùng 1 quả tim dê, rửa sạch, thái nhỏ, 10 - 15 quả táo. Cho muối vừa đủ. Ninh nhừ, cho vào 1 ít muối, gia vị. Ăn hết trong 1 lần.","Khỏi hồi hộp lo sợ, bổ tim, an thần, ổn định nhịp đập của tim.","","","","",""
49,"CHỮA CHỨNG BỆNH VỀ CHỨC NĂNG TIM","CHÁO PHỤC LINH, Ý DĨ","Phong hàn cảm mạo, nước tràn tim phổi, chức năng tim không ổn (tim đập mạnh, ho, đờm có bọt trắng, thở dốc, sốt rét).","Dùng 60gr ý dĩ, 15gr bột phục linh, cho nước vừa đủ, nấu thành cháo ăn.","","","","","",""
49,"CHỮA CHỨNG BỆNH VỀ CHỨC NĂNG TIM","HOẮC HƯƠNG, ĐƯỜNG","Phong nhiệt hoặc nóng ẩm trong chứng chức năng tim không ổn mạn tính (bệnh trạng: Sốt, tim đập mạnh, nhức đầu, thở gấp; lưỡi đỏ, mạch nhanh).","Lá hoắc hương tươi 25gr, sắc kỹ lấy nước, cho vào ít đường trắng. Mỗi ngày uống 3 - 4 lần. Hoặc lấy 100gr gạo tẻ, nấu cháo với hoắc hương.","","","","","",""
49,"CHỮA CHỨNG BỆNH VỀ CHỨC NĂNG TIM","CAO TRÂN VŨ","Chức năng tim không ổn mạn tính do tim, dương suy tràn dịch (bệnh trạng: tim đập mạnh, thở dốc, phù nề chi dưới, miệng khát không muốn uống, rét dữ tay chân lạnh, miệng nhạt, bựa lưỡi trắng, mạch trầm, yếu).","Dùng thục phụ tử 40gr, quế chỉ 30gr, sâm 50gr, bạch thược 30gr, bạch truật 40gr, cam thảo 20gr, bột phục linh 100gr, gừng tươi 30gr ép lấy nước. Cho 6 vị thuốc trên vào 1.500ml nước, sắc lấy 100ml, cho nước gừng, bột phục linh, mật ong vào, quấy đều, đun sôi ít phút là được. Để nguội, bảo quản để dùng. Mỗi lần uống 30ml, mỗi ngày 3 lần.","Chữa chứng tim, thận, dương suy, phù nề.","","","","",""
49,"CHỮA CHỨNG BỆNH VỀ CHỨC NĂNG TIM","THANG LONG NHÃN ĐAN SÂM","Chức năng tim không ổn mạn tính do tim, tỳ, dương suy, đầy hơi, tụ huyết (bệnh trạng: tim đập mạnh, ăn ít, đái đường, môi thâm, chi dưới phù, đau tim đầu váng, đau vùng lườn, lưỡi thâm, mạch không đều).","Long nhãn 30gr, viễn chí 15gr, đan sâm 15gr. Sắc kỹ, cho vào 1 ít đường đỏ. Mỗi ngày uống 2 lần thay nước chè.","Bổ dưỡng tâm, tỳ, sinh huyết, khỏi tụ huyết. Người mắc chứng tâm, tỳ hư, và nội tạng tụ huyết, phù nề cũng có thể dùng bài thuốc này.","","","","",""
49,"CHỮA CHỨNG BỆNH VỀ CHỨC NĂNG TIM","SẮC ĐẢNG SÂM, HOÀNG KỲ, ĐƯƠNG QUY...","Chức năng tim không ổn do khí huyết kém, tim tỳ hư (bệnh trạng: tim đập mạnh, hụt hơi, sắc mặt trắng bợt, ra mồ hôi nhiều, chân tay giá lạnh; nhạt miệng, mạch vi nhược).","Đảng sâm, hoàng kỳ mỗi thứ 15gr, đương quy, nhân táo, cam thảo mỗi thứ 10gr, đan sâm 12gr, quế 5gr. Trước hết ngâm 7 vị thuốc trên 1 tiếng. Sau đó cho vào 1.000ml nước, sắc kỹ, bỏ bã, lấy nước. Cho 60gr mì sợi, 20gr long nhãn, 5 quả táo vào nước thuốc, nấu thành cháo. Mỗi ngày ăn 2 lần. Có thể ăn thay bữa chính. Điều trị liên tục sẽ có hiệu quả tốt.","","","","","",""
50,"CHỮA CHỨNG KIỆT SỨC","ĐẢNG SÂM, MẠCH MÔN ĐÔNG SẮC VỚI...","Chứng kiệt sức (suy nhược) do khí, âm đều hư (bệnh trạng: tim đập mạnh, thở dốc, ban đêm ra mồ hôi trộm, buồn bã mất ngủ, lưỡi đỏ, mạch yếu).","Đảng sâm, mạch môn đông, mỗi thứ 15gr, ngũ vị tử 5gr; sinh địa, thục địa, nhân táo, cao A Giao mỗi thứ 10gr (cao A Giao sản xuất tại Sơn Đông, Trung Quốc). Trước hết cho 6 vị thuốc trên vào 1.000ml nước, ninh nhừ, chắt lấy 500ml, sau đó cho cao A Giao (cao đã hấp chảy tan), một ít đường phèn vào nước thuốc, quấy đều, đun sôi là được. Mỗi lần uống 100ml, mỗi ngày 3 lần. Những người sau khi khỏi sốt, hao tổn sinh lực, bệnh tim phổi mạn tính, kiệt sức, âm khí đều hư dùng bài thuốc này rất công hiệu. Những người dương suy, tràn dịch, phù thũng, ứ huyết không được dùng bài thuốc này.","","","","","",""
50,"CHỮA CHỨNG KIỆT SỨC","CAO SÂM PHỤ","Cơ thể suy nhược do âm, khí hư (bệnh trạng như trên).","Dùng 15gr nhân sâm, 10gr phụ tử phiến. Sắc lấy nước cốt, cho một ít đường trắng vào, quấy đều, cô đặc thành cao. Mỗi lần uống 1ml, mỗi ngày uống 3 lần.","","Bài thuốc này đại bổ, đại thấp, không nên sử dụng thường xuyên. Những người mắc chứng ngoại cảm và âm hư không được dùng.","","","",""
51,"CHỮA BỆNH NHIỀU MỠ TRONG MÁU","CHÁO BỘT NGÔ, GẠO TẺ","Bệnh nhiều mỡ trong máu.","Quấy bột ngô trong nước lạnh. Gạo tẻ cho nước vừa đủ, nấu thành cháo. Cho bột ngô vào cháo quấy đều, đun sôi thành cháo.","Điều trị có hiệu quả bệnh xơ cứng động mạch, bệnh động mạch vành, tắc động mạch cơ tim và tắc tuần hoàn máu. Người mắc bệnh trong máu nhiều mỡ phải uống thường xuyên.","","","","",""
51,"CHỮA BỆNH NHIỀU MỠ TRONG MÁU","CHÁO CÀ RỐT, GẠO TẺ","Bệnh nhiều mỡ trong máu.","Cà rốt tươi vừa đủ, nấu với gạo tẻ thành cháo. Ăn vào 2 buổi sáng, chiều.","Cháo này có thể ăn thường xuyên, kéo dài, có lợi chữa và phòng bệnh huyết áp cao, giảm lượng mỡ trong máu, tăng cường thể lực người cao tuổi. Những người mắc bệnh đái đường dùng bài thuốc này rất tốt.","","","","",""
51,"CHỮA BỆNH NHIỀU MỠ TRONG MÁU","TRÀ SƠN TRA, LÁ SEN","Bệnh nhiều mỡ trong máu.","Dùng 15gr sơn tra, 12gr lá sen. Sắc lấy nước uống, uống thường xuyên thay nước chè.","","","","","",""
51,"CHỮA BỆNH NHIỀU MỠ TRONG MÁU","CHÁO GẠO TẺ, LÁ SEN","Bệnh nhiều mỡ trong máu.","Dùng 1 lá sen to, rửa sạch, sắc kỹ, bỏ bã, lấy nước. Cho 100gr gạo vào nước lá sen, một ít đường phèn, nấu thành cháo.","Bài thuốc này chữa bệnh huyết áp cao, nhiều mỡ trong máu, chứng bệnh mùa hè cảm nóng, đầu óc choáng váng, quay cuồng, đái ít, nước đái đỏ, rất có hiệu quả. Thanh nhiệt, giảm mỡ.","","","","",""
51,"CHỮA BỆNH NHIỀU MỠ TRONG MÁU","NƯỚC SƠN TRA PHA ĐƯỜNG","Bệnh nhiều mỡ trong máu.","Mỗi lần dùng 15 - 30gr sơn tra đã phơi khô. Sau khi sơn tra sắc kỹ, bỏ bã, lấy nước cho đường vào uống thay nước chè hàng ngày.","Giảm lượng mỡ trong máu.","","","","",""
51,"CHỮA BỆNH NHIỀU MỠ TRONG MÁU","HÀ THỦ Ô, THẢO QUYẾT MINH...","Bệnh nhiều mỡ trong máu.","Hà thủ ô, thảo quyết minh, linh chi, hổ trượng, lá sen, sơn tra, và lá chè mỗi thứ 15 - 30gr, sắc hoặc hãm với nước sôi, uống thay nước chè. Lá cát cánh tươi luộc trong 1/2 tiếng, vớt đem phơi khô để dùng. Mỗi lần dùng 12,5gr, hãm với nước sôi uống thay chè. Uống lâu dài, có thể giảm co-le-xtê-rôn, làm mềm mạch máu, phòng trừ bệnh động mạch vành gây xơ cứng động mạch, bệnh huyết áp cao v.v. Còn có tác dụng chữa bệnh mất ngủ, tiêu phù nề.","Tiêu mỡ.","","","","",""
51,"CHỮA BỆNH NHIỀU MỠ TRONG MÁU","TRÀ SƠN TRA, NGÂN HOA, HOA CÚC","Nhiều mỡ trong máu.","Sơn tra, ngân hoa, hoa cúc mỗi thứ 25g, nấu nước, uống thay nước chè.","thông kinh mạch, giảm mỡ trong máu.","","","","",""
52,"CHỮA HUYẾT ÁP CAO","NƯỚC RAU CẦN","Bệnh huyết áp cao dạng can dương đều thịnh (bệnh trạng: nhức đầu, hoa mắt, mắt đỏ, bựa lưỡi vàng, cồn cào, táo bón, nước đái vàng, mạch huyền).","Dùng 250gr rau cần tươi, rửa sạch, nhúng vào nước sôi trong 2 phút, vắt lấy nước. Mỗi lần uống 1 cốc nước rau cần, mỗi ngày 2 lần.","Hạ huyết áp, an thần. Bài thuốc này dùng điều trị các chứng cao huyết áp, nhức đầu, hoa mắt, mặt đỏ, hưng phấn.","","","","",""
52,"CHỮA HUYẾT ÁP CAO","CHÈ HẠ HUYẾT ÁP","Bệnh huyết áp cao (bệnh trạng như trên).","Dùng 6gr lá cây gai, 15gr sơn tra, 5gr ngũ vị tử, đường trắng vừa phải (người bệnh béo không cần cho đường). Hãm với nước sôi, uống thay nước chè. Uống thường xuyên loại chè này có tác dụng chữa chứng huyết áp cao, phòng bệnh động mạch vành.","","","","","",""
52,"CHỮA HUYẾT ÁP CAO","RONG BIỂN SẮC VỚI THẢO QUYẾT MINH...","Bệnh huyết áp cao do can dương đều thịnh (bệnh trạng như trên).","Rong biển 20gr, thảo quyết minh 15gr, sắc lấy nước uống. Qua thực nghiệm lâm sàng, cho thấy bài thuốc này có tác dụng giảm huyết áp, giảm mỡ trong máu.","","","","","",""
52,"CHỮA HUYẾT ÁP CAO","CHÁO HÀ THỦ Ô, GẠO TẺ, TÁO TÀU","Huyết áp cao dạng âm hư dương thịnh (bệnh trạng như trên).","Hà thủ ô 60gr, sắc lấy nước, bỏ bã. Cho 100gr gạo tẻ, 3 quả táo, 1 ít đường phèn vào nước hà thủ ô nấu thành cháo. Đây là món ăn rất quý của những người mắc chứng huyết áp cao. Những người huyết áp cao do âm hư dương thịnh điều trị bằng bài thuốc này lâu dài sẽ khỏi bệnh.","","","","","",""
52,"CHỮA HUYẾT ÁP CAO","UỐNG MẬT ONG VỚI NƯỚC SÔI","Bệnh huyết áp cao do âm hư dương thịnh (bệnh trạng: nhức đầu, hoa mắt, trong lòng buồn bực, nóng nảy, lưng gối mỏi mệt, tai ù, sức khỏe giảm sút, lưỡi đỏ, bựa lưỡi mỏng, mạch huyền, vi).","Dùng 3 thìa mật ong uống với nước sôi.","Khoa học hiện đại đã khẳng định hiệu quả điều trị rất tốt của mật ong đối với các chứng huyết áp cao, viêm loét dạ dày, tá tràng. Bài thuốc này cũng có hiệu quả điều trị các bệnh huyết áp cao và táo bón do gan, thận, âm hư.","Những người đi ỉa chảy mạn tính không được dùng bài thuốc này.","","","",""
52,"CHỮA HUYẾT ÁP CAO","HOA CÚC HÃM VỚI CHÈ Ô LONG","Bệnh huyết áp cao do âm hư dương thịnh (bệnh trạng như trên).","Dùng 10gr hoa cúc, 3gr chè Ô Long hoặc chè Long Tỉnh, hãm với nước sôi uống. Theo báo Y học nước ngoài, lá chè thực sự có tác dụng tăng cường sự đàn hồi của huyết quản, giảm co-le-xtê-rôn và phòng xơ cứng động mạch. Bài thuốc này có tác dụng chữa trị chứng huyết áp cao do gan, dương thịnh hoặc âm hư dương thịnh.","","Chè không nên hãm quá đặc, dễ gây chứng mất ngủ và tăng nhịp đập của tim.","","","",""
52,"CHỮA HUYẾT ÁP CAO","CANH SỨA BIỂN, MÃ THẦY","Bệnh huyết áp cao do âm hư dương thịnh (bệnh trạng như trên).","Dùng 500gr thịt sứa, 100gr mã thầy bỏ vỏ, thái lát. Cho nước vừa đủ, nấu chín kỹ. Mỗi ngày ăn 2 lần.","Chữa bệnh huyết áp cao do âm hư dương thịnh.","Nhưng người tỳ, thận hư hàn dùng ít.","","","",""
52,"CHỮA HUYẾT ÁP CAO","CANH CÔN BỐ (RONG BIỂN), TẢO BIỂN, ĐẬU VÀNG","Bệnh huyết áp cao do âm, dương đều hư (bệnh trạng như trên).","Mỗi lần dùng côn bố và tảo biển mỗi thứ 30gr, đậu vàng 150 - 200gr. Đun nhỏ lửa, chín nhừ, cho vào ít đường trắng. Mỗi ngày ăn 2 lần.","Bổ dương, hạ huyết áp.","Những người mắc chứng tỳ, vị hư hàn không được dùng.","","","",""
52,"CHỮA HUYẾT ÁP CAO","CANH HOA CÚC, SƠN TRA, THẢO QUYẾT MINH","Bệnh huyết áp cao do âm hư, dương thịnh (bệnh trạng như trên).","Hoa cúc 10gr, sơn tra tươi 15gr, hạt thảo quyết minh 15gr (giã nát). Sắc lấy nước uống thay nước chè, có thể cho vào một ít đường.","Chữa chứng huyết áp cao, táo bón, và bệnh động mạch vành.","","","","",""
52,"CHỮA HUYẾT ÁP CAO","ĐƯỜNG PHÈN, GIẤM CHUA","Bệnh huyết áp cao do âm dương đều hư (bệnh trạng: nhức đầu, hoa mắt, ù tai, tim đập mạnh, lưng gối mỏi, đi lại khó khăn, lưỡi đỏ hoặc viêm, bựa lưỡi trắng, mạch huyền, vi).","Dùng 100ml giấm, 500gr đường phèn hòa tan với nhau. Mỗi lần uống 10ml, mỗi ngày uống 3 lần. Uống sau bữa ăn. Bài thuốc thích hợp chữa trị huyết áp cao (nghiêng về âm hư, tắc mạch máu).","","Những người mắc chứng loét dạ dày, tá tràng, bệnh dạ dày a-xít quá nhiều không được dùng bài thuốc này.","","","",""
52,"CHỮA HUYẾT ÁP CAO","CANH HẠ KHÔ THẢO NẤU VỚI THỊT LỢN NẠC","Bệnh huyết áp cao dạng âm, dương đều hư (bệnh trạng như trên).","Hạ khô thảo 20gr, thịt lợn nạc 50gr (thái mỏng). Đun nhỏ lửa, nấu chín ăn. Mỗi ngày ăn 2 lần vào bữa cơm.","Hạ huyết áp. Người bị bệnh tràng nhạc, dùng bài thuốc này lâu dài có hiệu quả.","","","","",""
52,"CHỮA HUYẾT ÁP CAO","CANH SỨA BIỂN, MÃ THẦY","Bệnh huyết áp cao, nhức đầu, tim đập mạnh, tay tê chân phù nhẹ.","Dùng 5gr sứa biển, 500gr mã thầy, sắc lấy nước uống.","Bổ âm, hạ huyết áp.","","","","",""
52,"CHỮA HUYẾT ÁP CAO","NƯỚC RÂU NGÔ","Bệnh huyết áp cao.","Dùng 100gr râu ngô, sắc lấy 3 bát nước, chia làm 3 lần uống hết trong ngày. Điều trị liên tục 5 ngày.","Hạ huyết áp, giảm đau, an thần.","","","","",""
52,"CHỮA HUYẾT ÁP CAO","CANH CÂU KỶ, QUẢ DÂU","Huyết áp cao.","Dùng 500 cây câu kỷ (cả cành lá), 200gr quả dâu tươi. Sắc lấy nước uống.","Hạ huyết áp, an thần.","","","","",""
52,"CHỮA HUYẾT ÁP CAO","CHUỐI TIÊU CHẤM VỪNG ĐEN","Bệnh huyết áp cao, táo bón.","Dùng 500gr chuối tiêu, 15gr vừng đen. Vừng đen rang chín, chuối tiêu chấm vừng đen ăn. Ăn hết trong ngày.","Hạ huyết áp, khỏi táo bón.","","","","",""
52,"CHỮA HUYẾT ÁP CAO","RAU CẦN NẤU VỚI TÁO TÀU","Bệnh huyết áp cao, nhiều mỡ trong máu.","Dùng 500gr rau cần, 250gr táo tàu. Nấu chín rau cần với táo tàu ăn.","Hạ huyết áp, an thần.","","","","",""
52,"CHỮA HUYẾT ÁP CAO","CÔN BỐ NẤU VỚI ĐẬU XANH, ĐƯỜNG ĐỎ","Huyết áp cao, nhiều mỡ trong máu.","Dùng 150gr côn bố, 150gr đậu xanh, 150gr đường đỏ. Cho nước vừa đủ, nấu chín kỹ ăn cái, uống nước. Ăn thường xuyên.","Hạ huyết áp, an thần.","","","","",""
52,"CHỮA HUYẾT ÁP CAO","CANH SÒ BIỂN, THẢO QUYẾT MINH","Bệnh huyết áp, nhiều mỡ trong máu.","Dùng 150gr thịt sò biển, 50gr thảo quyết minh. Nấu chín ăn.","Hạ huyết áp, giảm mỡ.","","","","",""
52,"CHỮA HUYẾT ÁP CAO","UỐNG NƯỚC RAU CẦN","Bệnh huyết áp cao.","Dùng 250 - 300gr rau cần, giã nát, chắt lấy nước. Mỗi ngày uống 1 - 2 lần, điều trị liên tục 1 tuần sẽ có kết quả.","Hạ huyết áp, an thần.","","","","",""
52,"CHỮA HUYẾT ÁP CAO","MỘC NHĨ TRẮNG","Bệnh huyết áp cao.","Lấy 4gr mộc nhĩ trắng, ngâm vào nước nóng, rửa sạch, sau đó cho vào ấm bằng đất, sắc lấy nước uống, có thể cho vào ít đường trắng. Chia làm 2 lần, uống hết trong ngày.","Uống liên tục có tác dụng hạ huyết áp, an thần.","","","","",""
52,"CHỮA HUYẾT ÁP CAO","THƯỜNG XUYÊN ĂN ĐẬU VÀNG","Bệnh huyết áp cao.","Thường xuyên ăn đậu vàng và các món ăn chế biến bằng đậu vàng sẽ giúp bổ sung dinh dưỡng, hạ huyết áp.","","","","","",""
52,"CHỮA HUYẾT ÁP CAO","RAU CHÂN VỊT HẤP CÁCH THỦY","Bệnh huyết áp cao.","Dùng 200gr rau chân vịt, rửa sạch. Cho vào 200ml nước. Hấp cách thủy trong 10 phút. Để nguội sau 1 tiếng, gạn lấy nước, chia làm 2 lần uống hết vào buổi sáng, buổi chiều.","Hạ huyết áp, an thần.","","","","",""
52,"CHỮA HUYẾT ÁP CAO","UỐNG NƯỚC CÀ RỐT","Bệnh huyết áp cao.","Dùng 1.500gr cà rốt, rửa sạch, giã nát, ép lấy nước uống. Chia làm 3 lần, uống tươi, uống hết trong ngày.","","","","","",""
52,"CHỮA HUYẾT ÁP CAO","UỐNG NƯỚC NHO, NƯỚC RAU CẦN","Bệnh huyết áp cao.","Dùng nước quả nho và nước rau cần mỗi thứ 15gr, trộn vào nhau. Uống với nước sôi. Ngày uống 2 lần vào 2 buổi sáng, chiều.","Thanh nhiệt, hạ huyết áp.","","","","",""
52,"CHỮA HUYẾT ÁP CAO","THỊT TRAI NẤU VỚI RÂU NGÔ","Trị liệu bổ trợ bệnh huyết áp cao.","Mỗi lần dùng 30 - 60gr râu ngô, 50 - 200gr thịt trai (con trai trước khi dùng phải thả trong nước sạch 1-2 ngày để con trai bài tiết hết phân, bùn...). Râu ngô và thịt trai nấu chín ăn. Cách ngày ăn 1 lần, thường điều trị 2 - 3 lần sẽ có kết quả. Bài thuốc này còn có tác dụng bổ trợ chữa bệnh đái đường, viêm thận mạn tính, sỏi thận, vàng da, viêm gan, viêm túi mật, sỏi mật...","","","","","",""
52,"CHỮA HUYẾT ÁP CAO","MỘC NHĨ ĐEN SẮC VỚI ĐƯỜNG PHÈN","Bệnh huyết áp cao, đáy mắt chảy máu.","Mỗi lần dùng 10gr mộc nhĩ đen, ngâm nước nóng, rửa sạch, cho một ít đường phèn vào sắc kỹ trong 1 tiếng, lấy nước uống hết 1 lần, uống trước lúc đi ngủ.","Hạ huyết áp, cầm máu.","","","","",""
52,"CHỮA HUYẾT ÁP CAO","GIẤM NGÂM TRỨNG GÀ","Phòng, chữa huyết áp cao, xơ cứng động mạch, tắc mạch máu não, tắc nghẽn cơ tim...","- Dùng 180ml giấm chua, cho 1 quả trứng gà vào ngâm trong giấm. Quả trứng gà ngâm sau 48 tiếng, vỏ trứng bị tan, chỉ còn một lớp màng bọc lòng trứng, giống như quả bóng bàn. Lấy đũa quấy tan trứng thành giấm trứng. 180ml giấm trứng chia làm 5 - 7 ngày uống hết, uống 1 lần vào buổi sáng, lúc đói. Mỗi lần dùng 20 - 30ml giấm trứng hòa vào 2 - 3 lần nước để nguội, một ít mật ong. Người bệnh nhẹ, uống trong 1 tháng liên tục. Người bệnh nặng, uống trong 2 tháng. Uống thường xuyên càng tốt.","","","","","",""
52,"CHỮA HUYẾT ÁP CAO","LẠC NHÂN NGÂM GIẤM CHUA","Bệnh huyết áp cao.","Lạc nhân ngâm trong giấm chua, sau 1 tuần, mỗi ngày ăn 20 hạt lạc, ăn vào lúc sáng, chiều.","Hạ huyết áp, trấn tĩnh.","","","","",""
52,"CHỮA HUYẾT ÁP CAO","HẢI SÂM NẤU VỚI ĐƯỜNG PHÈN","Hạ huyết áp cao.","Mỗi lần dùng 30g hải sâm, cho nước vừa đủ, ninh nhừ, cho vào 1 ít đường phèn, đun tiếp 15 phút cho đường tan ra là được. Hàng ngày, sớm, chiều dùng 1 lần trước bữa ăn.","Hạ huyết áp, khỏi xơ cứng mạch máu.","","","","",""
52,"CHỮA HUYẾT ÁP CAO","CÁ TRẮM CỎ NẤU VỚI BÍ ĐAO","Bệnh huyết áp cao, nhức đầu hoa mắt do can, dương thịnh.","Mỗi lần dùng 250 - 500g, bí đao, 250 - 500g cá trắm cỏ (cả con là tốt nhất). Trước hết lấy dầu rán cá chín vàng, sau đó cho bí đao, nước vừa đủ, ninh trong 3 - 4 tiếng, cho một ít muối và gia vị để ăn. Ăn cả nước, lẫn cái.","Giải độc, hạ huyết áp.","","","","",""
52,"CHỮA HUYẾT ÁP CAO","BÀI THUỐC ĐẶC HIỆU VỀ BỆNH HUYẾT ÁP CAO","Bệnh huyết áp cao.","Tảo biển 15g, thương truật 15g, tử hoa (tử hoa địa đinh) 15g, quả dành dành 15g, chỉ xác 15g, hương phụ 10g, cát cánh 5g, trần bì 5g, bán hạ 5g, nước lã 2 bát, sắc lấy 1 bát, uống 1 lần.","Uống lần thứ nhất, huyết áp hạ. Tiếp tục uống 2, 3 lần, huyết áp hạ tiếp. Sau đó cứ 15 ngày uống 1 lần.","","","","",""
52,"CHỮA HUYẾT ÁP CAO","QUẢ BẦU, NƯỚC ĐƯỜNG","Bệnh huyết áp cao","Mỗi lần dùng 500g, quả bầu, rửa sạch, để vỏ, thái miếng, cho nước vừa đủ, nấu chín kỹ, cho vào một ít đường phèn, quấy đều, uống nước, ăn cái.","Thanh nhiệt, giải khát, an thần","","","","",""
52,"CHỮA HUYẾT ÁP CAO","QUẢ HỒNG KHÔ HẤP ĐƯỜNG PHÈN","Bệnh huyết áp cao.","Mỗi lần 3 quả hồng khô, rửa sạch, cho vào 1 ít đường phèn. Hấp cách thủy cho đến khi quả hồng chín mềm.","Hạ huyết áp, nhuận phổi","","","","",""
52,"CHỮA HUYẾT ÁP CAO","TRÀ SƠN TRA, LÁ SEN","Bệnh huyết áp cao.","Mỗi lần dùng 30g sơn tra, 12g lá sen, cho vào 2 bát nước, sắc lấy 1 bát, bỏ bã, uống nước.","Hạ huyết áp, sáng mắt.","","","","",""
52,"CHỮA HUYẾT ÁP CAO","THỊT BÒ XÀO CÀ CHUA","Bệnh huyết áp cao.","Mỗi lần dùng 250g cà chua, rửa sạch, thái lát, 100g thịt bò, thái mỏng. Dùng dầu ăn, muối, gia vị, xào chín. Ăn với cơm.","Hạ huyết áp","","","","",""
52,"CHỮA HUYẾT ÁP CAO","RÂU NGÔ NẤU VỚI DƯA HẤU, CHUỐI TIÊU","Bệnh huyết áp cao do can, dương thịnh.","Mỗi lần dùng 60g râu ngô, 60g vỏ dưa hấu, 3 quả chuối tiêu (bỏ vỏ). Cho vào 4 bát nước, đun lấy 1/2 bát, có thể cho 1 ít đường phèn. Chia làm 2 lần, ăn hết trong ngày.","","","","","",""
52,"CHỮA HUYẾT ÁP CAO","NƯỚC RAU CẦN HÒA MẬT ONG","Bệnh huyết áp cao.","Rau cần bỏ rễ, rửa sạch, vắt lấy nước, hòa vào một ít mật ong. Mỗi lần uống 30ml mỗi ngày uống 3 lần.","Hạ huyết áp, khỏi chóng mặt.","Pha bình thường, không đun nóng.","","","",""
52,"CHỮA HUYẾT ÁP CAO","NƯỚC QUẢ HỒNG PHA SỮA BÒ","Bệnh huyết áp cao.","Lấy quả hồng sắp chín, ép lấy nước, mỗi ngày dùng 20 - 40ml chia làm 3 phần hòa với sữa bò hoặc nước cơm uống.","Hạ huyết áp, giải khát.","","","","",""
52,"CHỮA HUYẾT ÁP CAO","BÀI THUỐC HẠ HUYẾT ÁP","Bệnh huyết áp cao.","1. Dùng mộc nhĩ đen, thêm hành, tỏi làm thức ăn hàng ngày, có tác dụng chữa huyết áp cao, phòng xơ cứng động mạch, phòng gây tắc mạch máu não. 2. Mỗi lần dùng 30 - 40g rễ cây chè, rửa sạch, chia làm 2 lần, nhai nuốt. Mỗi đợt điều trị 1 tháng. Thực tiễn đã chứng minh có tác dụng rất tốt làm giảm a-xít, mỡ gly-xê-rin và co-le-xtê-rôn trong huyết thanh. Qua 1- 2 đợt điều trị, kết quả sẽ rất tốt. 3. Thường xuyên dùng hoa cúc dại và hoa cúc trắng hãm nước sôi uống, có thể giảm mỡ trong máu, giảm huyết áp. 4. Thường xuyên dùng lá cây gai (lượng thích hợp) hãm nước sôi uống. Có tác dụng an thần, sáng mắt, chữa bệnh huyết áp cao. 5. Dùng 60g bột đậu xanh, 120g nước gan lợn trộn đều, phơi khô, nghiền bột. Mỗi lần uống 5g với nước sôi, mỗi ngày 3 lần. Có tác dụng thanh nhiệt, hạ huyết áp. 6. Sơn tra tươi, giã nát, hòa với đường phèn, sắc lấy nước uống, hoặc mỗi ngày ăn 10 quả sơn tra, quả tươi càng tốt. Có tác dụng giảm mỡ trong máu, hạ huyết áp. 7. Mỗi ngày, sau bữa cơm, ăn từ 3 quả táo trở lên, có tác dụng giảm huyết áp. 8. Rong biển phơi khô, tán nhỏ, mỗi ngày uống 10g, chia làm 3 lần. Uống liên tục từ 1 - 3 tháng. Cũng có thể sắc lấy nước uống thay nước chè. Có tác dụng hạ huyết áp, phòng trừ khối u đường tiêu hóa. 9. Thường xuyên dùng hạ khô thảo (rau cải trời) hãm nước sôi để uống. Có tác dụng hạ huyết áp. 10. Thường xuyên dùng dây lạc và lá lạc mỗi thứ 30g sắc lấy nước uống, mỗi ngày uống 2 lần. Có tác dụng hạ huyết áp.","","","","","",""
53,"TAI BIẾN MẠCH MÁU NÃO","NHÂN QUẢ ĐÀO, QUYẾT MINH, SẮC VỚI MẬT ONG","Tai biến mạch máu não (bệnh trạng đột nhiên chân tay tê liệt, hoạt động không thật, hoặc bán thân bất toại, mồm méo, mắt lác, lưỡi cứng nói không rõ, mồm nhiều đờm dãi, nhức đầu, hoa mắt, lưỡi trắng nhầy, mạch huyền, hoạt vị).","Nhân quả đào, thảo quyết minh, mỗi thứ 12g. Sắc kỹ, cho vào ít mật ong, quấy đều. Bài thuốc có tác dụng chữa chứng huyết áp cao tắc mạch máu não. Muốn sử dụng bài thuốc này, cần phải được khám chẩn đoán đầy đủ. Không được dùng bài thuốc này cho người bị xuất huyết não.","","","","","",""
53,"TAI BIẾN MẠCH MÁU NÃO","CHÁO GẠO TRAI, SÒ","Tai biến mạch máu não (bệnh trạng như trên).","Dùng 50g trai, 50g con hào. Cho 100g gạo tẻ vào nước trai, hào nấu thành cháo. Ăn mỗi ngày 2 lần.","Điều trị có hiệu quả chứng huyết áp cao tai biến mạch máu não, nhức đầu, chóng mặt, can, dương thịnh.","Những người mắc chứng hư hàn không được dùng.","","","",""
53,"TAI BIẾN MẠCH MÁU NÃO","CHÁO GẠO TẺ HOA CÚC","Tai biến mạch máu não (bệnh trạng như trên).","+ Hoa cúc bỏ cuống, sấy khô, tán nhỏ. Mỗi lần dùng 100g gạo tẻ nấu cháo, khi cháo chín, cho 15g bột hoa cúc vào quấy đều, đun sôi vài phút là được. Ăn vào 2 bữa sáng, chiều. Hoặc có thể lấy mầm cây cúc tươi rửa sạch, thái nhỏ, cho vào 100g gạo tẻ, nước vừa đủ, nấu thành cháo để ăn cũng được. Món cháo này phù hợp với những người mắc chứng trúng phong, huyết áp tăng, nhức đầu, chóng mặt.","","Những người cao tuổi, tỳ hư, đái đường không được dùng.","","","",""
53,"TAI BIẾN MẠCH MÁU NÃO","CHÁO HOÀNG KỲ, BẠCH THƯỢC, QUẾ...","Di chứng sau tai biến mạch máu não (sau khi trúng phong, khí huyết đều hư, liệt nửa người, chân tay teo, mềm không hoạt động được, lưỡi thâm, bựa lưỡi trắng, nhạt, mạch vi hoạt).","Hoàng kỳ 15g, bạch thược sao vàng và quế mỗi thứ 15g, gừng tươi 15g. Sắc kỹ, lấy nước, bỏ bã. Lấy 100g gạo tẻ, 4 quả táo tàu, nước vừa đủ nấu thành cháo. Khi cháo chín cho nước thuốc vào, quấy đều. Mỗi ngày ăn 1 lần. Điều trị liên tục sẽ có hiệu quả chữa những di chứng sau khi trúng phong như tay chân tê liệt. Những người huyết áp không cao, xuất huyết não đã dừng, khám chẩn đoán bị tắc mạch máu não có thể dùng bài thuốc này.","","","","","",""
53,"TAI BIẾN MẠCH MÁU NÃO","CANH HOÀNG KỲ THỊT LỢN NẠC","Di chứng sau tai biến mạch máu não (bệnh trạng như trên).","Hoàng kỳ 10g, táo tàu 10 quả, đương quy và kỷ tử mỗi thứ 10g, thịt lợn nạc 100g thái lát. Tất cả cho vào ninh nhừ, cho vào ít muối và gia vị. Ăn thịt uống nước. Bài thuốc này có tác dụng bổ hư trợ dương, tăng cường khí huyết, sinh huyết. Thích hợp với người bị di chứng sau tai biến mạch máu não như teo chân tay, tê liệt, bán thân bất toại.","","những người mắc chứng ngoại cảm nóng, can dương đều thịnh, thì không được dùng bài thuốc này.","","","",""
53,"TAI BIẾN MẠCH MÁU NÃO","CHÈ KỶ TỬ, MẠCH MÔN ĐÔNG","Di chứng sau tai biến mạch máu não (bệnh trạng như trên).","Kỷ tử và mạch môn đông mỗi thứ 30g, sắc lấy nước uống, thay nước chè. Uống hết trong ngày.","Chữa trị các chứng sau trúng phong như nhức đầu chóng mặt, nhìn không rõ, huyết áp tăng, mặt đỏ phừng phừng.","Những người mắc chứng hư hàn, ỉa lỏng không được dùng bài thuốc này.","","","",""
53,"TAI BIẾN MẠCH MÁU NÃO","BÁNH GIUN ĐẤT HOA ĐÀO...","Di chứng sau tai biến mạch máu não (bệnh trạng như trên).","+ Lấy 30g giun đất, ngâm rượu rửa tẩy hết mùi vị, sấy khô, tán thành bột + lấy hoa đào và xích thược mỗi thứ 20g, đương quy 50g, hoàng kỳ 100g, xuyên khung 10g. Sắc kỹ, lấy nước, bỏ bã. Lấy bột ngô trắng và bột tiểu mạch trắng 500g (tỉ lệ 4 ngô 1 tiểu mạch). Trộn bột giun, đường trắng, bột ngô, tiểu mạch với nước thuốc (đã sắc ở trên), quấy đều làm thành 20 chiếc bánh. Lấy nhân hột đào, tán nhỏ, rắc đều lên bánh. Cho bánh vào hấp chín. Mỗi lần ăn 1 - 2 chiếc bánh, mỗi ngày ăn 2 lần. Bài thuốc này đã có trên 100 năm, trở thành bài thuốc truyền thống chữa trị di chứng sau khi trúng phong.","","Những người bị xuất huyết não chưa ngừng không được dùng bài thuốc này.","","","",""
53,"TAI BIẾN MẠCH MÁU NÃO","THIÊN MA HẤP VỚI NÃO LỢN","Di chứng sau tai biến mạch máu não, bán thân bất toại.","Mỗi lần dùng 100g thiên ma, 1 bộ óc lợn làm sạch, cho vào bát, đổ nước vừa đủ, hấp cách thủy. Mỗi ngày hoặc cách ngày ăn 1 lần. Điều trị 3 - 4 lần sẽ có hiệu quả.","Trừ phong, khai huyệt, thông kinh lạc, sinh huyết.","","","","",""
53,"TAI BIẾN MẠCH MÁU NÃO","VỪNG ĐEN HÒA VỚI ĐƯỜNG","Di chứng sau tai biến mạch máu não, bán thân bất toại.","Mỗi lần dùng 2 thìa vừng đen đã rang chín, hòa 1 ít đường trắng, quấy đều, uống với nước sôi.","Sinh huyết, giãn cơ bắp.","","","","",""
53,"TAI BIẾN MẠCH MÁU NÃO","NƯỚC QUẢ LÊ HẤP VỚI SỮA NGƯỜI","Di chứng bại liệt sau tai biến mạch máu não.","Mỗi lần dùng quả lê tươi ép lấy 100ml nước, trộn vào 100ml sữa người. Hấp cách thủy.","Bổ hư, sinh huyết, khai huyệt, thông kinh lạc.","","","","",""
54,"CHỮA BỆNH ĐỘNG MẠCH VÀNH TIM","RỄ CÂY CHÈ","Bệnh về động mạch vành tim","Rễ cây chè hãm với nước sôi, uống. Bài thuốc có tác dụng điều trị chứng rối loạn nhịp đập của tim. Uống liên tục cho đến khi hoạt động tim trở lại bình thường thì thôi.","","","","","",""
54,"CHỮA BỆNH ĐỘNG MẠCH VÀNH TIM","UỐNG NƯỚC SÂM CAM THẢO","Bệnh về động mạch vành tim","Dùng 30 gr sâm, 10g cam thảo sao vàng hãm với nước sôi uống thay nước chè. Bài thuốc có tác dụng điều trị chứng rối loạn nhịp đập của tim.","","","","","",""
54,"CHỮA BỆNH ĐỘNG MẠCH VÀNH TIM","UỐNG NƯỚC SẮN DÂY","Bệnh về động mạch vành tim.","Dùng 30g củ sắn dây sắc lấy nước.","Điều trị bệnh về động mạch vành tim. Chữa trị bệnh huyết áp cao, điếc tai đột ngột.","","","","",""
54,"CHỮA BỆNH ĐỘNG MẠCH VÀNH TIM","ĐAN SÂM","Bệnh động mạch vành tim.","Đan sâm 20g, sắc lấy nước uống.","- Chữa trị bệnh động mạch vành. Chữa trị tắc mạch máu não.","","","","",""
54,"CHỮA BỆNH ĐỘNG MẠCH VÀNH TIM","XUYÊN KHUNG","Bệnh động mạch vành tim","Xuyên khung 10g, sắc lấy nước uống thường xuyên. Có tác dụng chữa trị động mạch vành, cao huyết áp, tắc mạch máu não.","","","","","",""
54,"CHỮA BỆNH ĐỘNG MẠCH VÀNH TIM","UỐNG NƯỚC NHÂN TRẦN","Bệnh động mạch vành tim.","Dùng 30g nhân trần, sắc lấy nước uống. Có tác dụng chữa trị bệnh về động mạch vành tim, giảm mỡ trong máu.","","","","","",""
54,"CHỮA BỆNH ĐỘNG MẠCH VÀNH TIM","RƯỢU HOA HỒNG","Bệnh động mạch vành tim.","Hoa Hồng ngâm rượu (tỉ lệ 30/500). Điều trị bệnh động mạch vành tim, huyết áp cao, tắc mạch máu não có hiệu quả.","","","","","",""
54,"CHỮA BỆNH ĐỘNG MẠCH VÀNH TIM","UỐNG NƯỚC LÁ CÂY NGÂN HẠNH","Bệnh động mạch vành tim.","Dùng 30g lá ngân hạnh, sắc lấy nước uống.","Điều trị bệnh động mạch vành tim có hiệu quả, giảm mỡ trong máu.","","","","",""
55,"CHỮA XƠ CỨNG ĐỘNG MẠCH","SẮC MỘC NHĨ TRẮNG VỚI ĐƯỜNG PHÈN","Xơ cứng động mạch","Dùng 30g mộc nhĩ trắng, ngâm nước nóng, rửa sạch. Sắc lấy nước, cho vào một ít đường phèn, chia làm 2 lần uống hết trong ngày. Uống liên tục nhiều ngày.","Bổ huyết, kích thích hệ kinh lạc","","","","",""
55,"CHỮA XƠ CỨNG ĐỘNG MẠCH","THƯỜNG XUYÊN ĂN ĐẬU NÀNH VÀ CÁC MÓN ĂN CHẾ BIẾN TỪ ĐẬU","Xơ cứng động mạch","Thường xuyên ăn đậu nành và các món ăn chế biến từ đậu nành.","Bổ dinh dưỡng. Chữa xơ cứng động mạch.","","","","",""
55,"CHỮA XƠ CỨNG ĐỘNG MẠCH","MỘC NHĨ ĐEN NẤU VỚI ĐẬU PHỤ","Xơ cứng động mạch","Mộc nhĩ đen nấu với đậu phụ mỗi ngày ăn hai lần. Ăn lâu dài sẽ có hiệu quả.","","","","","",""
56,"CHỮA TRÚNG PHONG","CON RẾT, BỌ CẠP","Trúng phong.","Dùng 1 con rết, 1 con bọ cạp, 15g thấu cốt thảo tất cả đem sao vàng, tán bột. Uống với nước sôi, mỗi lần uống 7,5g, cách 6 tiếng uống 1 lần.","","","","","",""
56,"CHỮA TRÚNG PHONG","UỐNG BẠCH PHỤ TỬ... VỚI RƯỢU","Trúng phong.","Bạch phụ tử, con tằm, bọ cạp (tẩy độc). Tất cả đem tán nhỏ, mỗi lần dùng 0,1g uống với rượu hâm nóng.","","","","","",""
56,"CHỮA TRÚNG PHONG","RẮN HỔ MANG NGÂM RƯỢU","Trúng phong","Dùng rắn hổ mang 1 con, khương hoạt phòng phong, ngũ gia bì mỗi thứ 25g, đương quy 30g, thiên ma 20g, tân giao 30g, ngâm vào 2.500ml rượu mạnh (50 độ trở lên). Ngâm trong 3 tháng là dùng được. Mỗi ngày uống 2 lần, mỗi lần 25g rượu ngâm thuốc.","","","","","",""
56,"CHỮA TRÚNG PHONG","RẮN HOA MAI","Trúng phong.","Rắn hoa mai sấy khô, tán nhỏ. Mỗi lần uống 3g, mỗi ngày uống 2 lần.","","","","","",""
56,"CHỮA TRÚNG PHONG","UỐNG TIẾT VỊT TRẮNG","Trúng phong.","Lấy tiết vịt trắng, mỗi ngày uống khoảng 2 chén, uống trước bữa ăn sáng, chiều 1 tiếng.","","","","","",""
56,"CHỮA TRÚNG PHONG","TIẾT DIỀU HÂU","Người bị trúng phong, hôn mê bất tỉnh.","Lấy máu tươi của con diều hâu nhỏ vào miệng người bị nạn, sẽ tỉnh lại ngay.","","","","","",""
56,"CHỮA TRÚNG PHONG","UỐNG BỘT GIÁP PHIẾN, CHU SA","Trúng phong.","Giáp phiến cùng với chu sa, hùng hoàng, hạt cải trắng, cánh kiến trắng. Tất cả tán nhỏ, uống với nước sôi, hoặc làm thuốc viên để uống.","","","","","",""
56,"CHỮA TRÚNG PHONG","Sừng linh dương, sừng tê giác mật ong hoàn","Trúng phong","Dùng sừng linh dương 1 lạng, sừng tê giác 3 phân, khương hoạt và phòng phong mỗi thứ 1 lạng rưỡi, hạt ý dĩ sao vàng, tân giao mỗi thứ 2 lạng. Tất cả tán nhỏ, luyện với mật ong thành thuốc viên to bằng quả ngô đồng. Mỗi lần uống 20 viên, uống với nước lá tre đã sắc kỹ, tăng dần uống 30 viên.","","","","","",""
56,"CHỮA TRÚNG PHONG","UỐNG NƯỚC LÊ VỚI SỮA NGƯỜI","Trúng phong.","Dùng 2 chén sữa người, 1 chén nước lê, trộn đều. Mỗi ngày uống 2 lần.","","","","","",""
56,"CHỮA TRÚNG PHONG","BỘT CON ĐỈA","Trúng phong.","Đỉa sao khô tán thành bột. Mỗi lần uống 3g, mỗi ngày 3 lần.","Chữa trị xuất huyết não, sung huyết não.","","","","",""
56,"CHỮA TRÚNG PHONG","GIUN ĐẤT SẮC VỚI BỌ CẠP","Trúng phong.","Dùng 15g giun đất, 10g bọ cạp, xích thược 20g, hoa hồng 15g, ngưu tất 20g. Tất cả đem sắc kỹ lấy nước uống.","","","","","",""
56,"CHỮA TRÚNG PHONG","SẮC GẠO TRÂN CHÂU (GẠO TỨ XUYÊN) VỚI THẠCH CAO","Trúng phong.","Dùng 50g gạo Tứ Xuyên, 5g thạch cao, cho nước vào sắc lấy nước uống. Mỗi ngày uống 3 lần.","","","","","",""
56,"CHỮA TRÚNG PHONG","SÒ BIỂN NẤU VỚI THẠCH QUYẾT MINH","Trúng phong.","Dùng sò biển, thạch quyết minh, tử bối và đồi mồi mỗi thứ 30g, giã nát, đổ nước nấu lên để ăn.","","","","","",""
56,"CHỮA TRÚNG PHONG","TẰM SẮC VỚI HOA HỒNG...","Trúng phong.","Con tằm, hoa hồng, kinh giới lá cọ mỗi thứ 3g. Sắc lấy nước uống.","","","","","",""
56,"CHỮA TRÚNG PHONG","BỘT THẠCH SÙNG","Trúng phong.","Thạch sùng, sấy khô, tán thành bột. Uống với nước sôi (mỗi ngày dùng 1 con thạch sùng).","","","","","",""
56,"CHỮA TRÚNG PHONG","TRỨNG GÀ XÀO KINH GIỚI","Trúng phong","Dùng 3 quả trứng gà, 15g kinh giới (mỗi quả trứng 5g kinh giới) xào chín ăn.","","","","","",""
56,"CHỮA TRÚNG PHONG","SỪNG DÊ, XUYÊN KHUNG","Trúng phong.","Dùng sừng dê và xuyên khung, bạch chỉ, xuyên ô... liên hợp thành 1 thang thuốc. Mỗi thang khoảng 8g. Mỗi lần dùng 1 thang sắc lấy nước uống, uống 2 - 3 lần trong ngày. Bài thuốc còn chữa trị chứng nhức đầu, đau thần kinh.","","","","","",""
56,"CHỮA TRÚNG PHONG","ĐỘC HOẠT SẮC VỚI ĐẬU ĐEN","Sau khi trúng phong để lại di chứng: tứ chi tê liệt, hoạt động khó khăn, không nói được.","Mỗi lần dùng 10 -12g độc hoạt, 60g đậu đen. Cho vào 3 - 4 bát nước, sắc lấy 1 bát. Cho vào nước thuốc 1 ít rượu. Bỏ bã uống nước.","Sinh huyết, thông kinh lạc.","","","","",""
56,"CHỮA TRÚNG PHONG","THỊT RÙA HẤP VỚI ĐƯỜNG PHÈN","Sau khi trúng phong, bán thân bất toại.","Mỗi lần dùng 3 con rùa nhỏ, cắt lấy tiết, hòa vào một ít nước và đường phèn. Hấp cách thủy.","Sinh huyết, thông mạch.","","","","",""
56,"CHỮA TRÚNG PHONG","RỄ CÂY HỔ TIÊU HẦM VỚI THỊT RẮN","Sau khi trúng phong bán thân bất toại.","Mỗi lần dùng 40 - 60g rễ cây hổ tiêu, thịt rắn khoảng 250g. Ninh nhừ ăn, sau khi ninh nhừ có thể dùng mật của 1 con rắn hòa vào uống thì càng tốt.","Trừ thấp, khỏi tê liệt, thông kinh lạc.","","","","",""
57,"CHỮA THIẾU MÁU","ĐẬU XANH NẤU VỚI TÁO TÀU","Thiếu máu do thiếu sắt (bệnh trạng: Da mặt xanh xao, mệt mỏi, uể oải, nhức đầu, tim đập mạnh, ăn uống khó tiêu, sốt nhẹ).","Đậu xanh, táo tàu mỗi loại 50g, cho nước vừa đủ, ninh cho đến khi hạt đậu nở ra, cho vào 1 ít đường đỏ. Ăn táo (bỏ hột) uống nước. Ăn liên tục, mỗi ngày 1 lần, mỗi đợt điều trị 15 ngày.","Chữa thiếu máu, sốt nhẹ rất hiệu quả. Chảy máu dưới da mạn tính và chứng chảy máu dưới da do giảm tiểu cầu cũng dùng bài thuốc này.","","","","",""
57,"CHỮA THIẾU MÁU","MỘC NHĨ ĐEN, TÁO TÀU HẤP CÁCH THỦY","Thiếu máu do thiếu sắt (bệnh trạng như trên).","Mỗi lần dùng 15g mộc nhĩ đen, 15 quả táo tàu. Mộc nhĩ cho vào nước sôi ngâm, rửa sạch, cho táo, mộc nhĩ và 1 ít đường vào hấp cách thủy trong 1 tiếng. Ăn mộc nhĩ, táo, uống nước. Mỗi ngày 2 lần. Điều trị liên tục sẽ có kết quả.","","","","","",""
57,"CHỮA THIẾU MÁU","CHÁO GẠO TẺ VỚI RAU CHÂN VỊT","Bệnh thiếu máu do thiếu sắt (bệnh trạng như trên).","Lấy 250g rau chân vịt, luộc chín, thái nhỏ, cho vào 100g gạo tẻ đổ nước vừa đủ, nấu thành cháo. Khi cháo chín, cho rau (đã thái nhỏ) vào, quấy đều. Mỗi ngày ăn 2 lần.","Bài thuốc có tác dụng sinh huyết, chữa bệnh huyết áp cao, táo bón, lòi dom.","Những người mắc chứng hư hàn, ỉa lỏng không được dùng bài thuốc này.","","","",""
57,"CHỮA THIẾU MÁU","RƯỢU, TIẾT VỊT HẤP CÁCH THỦY","Chữa thiếu máu do thiếu sắt (bệnh trạng như trên).","Mỗi lần dùng 1 con vịt, cắt lấy tiết cho vào 1 ít muối. Hấp cách thủy cho đến khi tiết chín, cho vào 20ml rượu nếp hoặc rượu hà thủ ô, hấp tiếp ít phút là được. Ăn sau bữa cơm, mỗi ngày ăn 1 lần. Mỗi đợt điều trị 5 ngày.","Bổ máu, chữa trị thiếu máu, ứ huyết.","Người bị sốt nhẹ cần thận trọng khi dùng bài thuốc này.","","","",""
57,"CHỮA THIẾU MÁU","TÁO TÀU, PHÈN ĐEN HOÀN","Bệnh thiếu máu do thiếu sắt (bệnh trạng như trên).","Dùng 10 quả táo tàu, 6g phèn đen, bỏ hột. Táo ngâm nước nóng, bóc lấy cùi bỏ hột, sấy khô, tán nhỏ. Trộn táo với phèn chế biến thành viên từng thuốc. Mỗi lần ăn 1 viên, mỗi ngày 2 lần. Mỗi đợt điều trị 20 ngày.","Chữa thiếu máu cũng có thể trị chứng can tỳ phủ nóng.","","","","",""
57,"CHỮA THIẾU MÁU","ĐẬU NGÂM PHÈN ĐEN","Bệnh thiếu máu do thiếu sắt (bệnh trạng như trên).","Dùng 30g phèn đen, 250g đậu đen hoặc đậu nành. Trước hết tán phèn đen hòa với nước. Sau đó đem đậu rang chín, đổ nước phèn đen vào, nấu chín đậu là ăn được. Trước bữa cơm, ăn 1 ít đậu, nhai nuốt dần dần. Mỗi ngày ăn 3 lần. Phèn đen đậu nành (tỉ lệ 1/2) sao chín tán nhỏ, mỗi lần uống 10g, uống với nước táo.","","những người mắc chứng tiêu hóa kém, không được dùng.","","","",""
57,"CHỮA THIẾU MÁU","CHÁO GẠO TẺ, TÁO TÀU","Thiếu máu do khí huyết hư (bệnh trạng: da khô vàng, tim đập mạnh, thần kinh suy nhược, nhức đầu).","Dùng 100g gạo tẻ, 15 quả táo nấu thành cháo. Ăn vào 2 buổi sáng, chiều.","Chữa thiếu máu, thiếu dinh dưỡng. Chữa chảy máu dưới da, tiểu cầu giảm.","","","","",""
57,"CHỮA THIẾU MÁU","CHÁO HOÀNG KỲ THỊT GÀ","Bệnh thiếu máu do khí huyết hư (bệnh trạng như trên).","Dùng 1 con gà mái (khoảng 1-1,5 kg là tốt nhất). Gà giết thịt, làm sạch, luộc chín, ép lấy nước. Dùng 15g hoàng kỳ sắc lấy nước. Lấy 100g gạo tẻ cho vào nước hoàng kỳ, nước thịt gà nấu thành cháo. Ăn nóng, ăn vào 2 bữa sáng, chiều. Những người thiếu máu do khí huyết hư, suy dinh dưỡng, ốm kéo dài, cơ thể suy nhược dùng rất công hiệu.","","Những người cảm nhẹ, phát sốt không được dùng.","","","",""
57,"CHỮA THIẾU MÁU","ĐẢNG SÂM, TÁO TÀU","Bệnh thiếu máu do khí huyết hư (bệnh trạng như trên).","Đảng sâm 15g, táo tàu 20 quả (ngâm trong nước lạnh 1 tiếng). Đun nhỏ lửa, sắc kỹ lấy nước uống. Chia làm 2 phần, uống hết trong ngày.","","Những người sốt cao không được dùng bài thuốc này.","","","",""
57,"CHỮA THIẾU MÁU","ĐƯƠNG QUY HẦM VỚI THỊT SƠN DƯƠNG","Bệnh thiếu máu do khí huyết hư (bệnh trạng như trên).","Thịt sơn dương 500g (thái miếng) hoàng kỳ, đảng sâm và đương quy mỗi thứ 25g (gói trong túi vải). Cho vào 1000ml nước, Đun nhỏ lửa ninh nhừ. Ăn thường xuyên, có tác dụng bổ dưỡng khí huyết, làm cho cơ thể khỏe mạnh, nhất là những người sau khi ốm dậy, sau khi sinh đẻ, thiếu máu, suy dinh dưỡng, sốt nhẹ, ra mồ hôi nhiều, tay chân giá lạnh.","","Những người bị ngoại cảm, sốt cao không được dùng.","","","",""
57,"CHỮA THIẾU MÁU","CHÁO GẠO NẾP NẤU VỚI XƯƠNG DÊ, TÁO TÀU","Bệnh thiếu máu do khí huyết hư (bệnh trạng như trên)","Dùng 1 - 2 xương ống chân dê (đập dập), 30 quả táo tàu, 100g gạo nếp. Cho nước vừa đủ, nấu thành cháo. Chia làm 2 lần ăn hết trong ngày.","- Bổ tỳ, bổ máu, bổ thận, tủy. Chữa bệnh thiếu máu, tiểu cầu giảm.","","","","",""
57,"CHỮA THIẾU MÁU","XƯƠNG HẦM MẬT ONG...","Bệnh thiếu máu do khí huyết hư (bệnh trạng như trên)","Dùng tủy xương bò, sơn dược tươi và mật ong mỗi thứ 250g, đông trùng hạ thảo và cuống nhau thai nhi mỗi thứ 30g. Tất cả cho vào nồi, đậy kín, hầm kỹ. Mỗi lần dùng 2 thìa canh, ngày 2 lần.","","những người mắc chứng cảm mạo sốt cao chưa khỏi không được dùng.","","","",""
57,"CHỮA THIẾU MÁU","CAO SONG BỔ","Bệnh thiếu máu khí huyết hư (bệnh trạng như trên)","Đảng sâm, sơn dược, long nhãn, hoàng kỳ và phục linh mỗi thứ 30g, cam thảo 10g, bạch truật và kỷ tử mỗi thứ 29g, thù du và đương quy mỗi thứ 15g, táo tàu 10 quả. Cho vào 1.000ml nước, sắc lấy 500ml nước, gạn ra cho vào 500ml nước, sắc lấy 300ml. Hòa 2 nước thuốc lại với nhau đun nhỏ lửa, cô lại còn 500ml, hòa vào 100ml mật ong, quấy đều thành cao. Mỗi lần uống 20ml, ngày uống 3 lần.","Bổ dưỡng tỳ, thận. Chữa bệnh thiếu máu do tỳ, thận hư.","","","","",""
57,"CHỮA THIẾU MÁU","BỘT TỬ HÀ XA (CUỐNG NHAU THAI NHI)","Bệnh thiếu máu do gan thận hư (bệnh trạng: sốt nhẹ, ra mồ hôi trộm, lưỡi đỏ, ít nước bọt, nội tạng nóng, má ửng hồng, váng đầu, ù tai, lưng chân tay đều mỏi).","Cuống nhau thai nhi rửa sạch, sấy khô, sao vàng, tán nhỏ. Mỗi lần uống 6g, uống với nước táo. Có tác dụng đặc biệt chữa chứng phổi, thận, âm suy, gan thận yếu. Người thiếu máu, gan thận hư, sốt, ra mồ hôi trộm dùng rất hiệu quả.","","","","","",""
57,"CHỮA THIẾU MÁU","MÀNG LẠC (BÀI THUỐC THÔNG DỤNG)","Bệnh thiếu máu","Màng lạc 15g, tán nhỏ. Chia làm 2 lần hãm nước sôi uống.","Có tác dụng kích thích tủy sinh tế bào và tiểu cầu. Chữa bệnh thiếu máu, bệnh xuất huyết.","","","","",""
57,"CHỮA THIẾU MÁU","VIÊN NHAU THAI NHI (BÀI THUỐC THÔNG DỤNG)","Bệnh thiếu máu.","Dùng 60g phèn đen, 500g đậu đen sao kỹ, 30g nhân hạnh đào, 9g lạc nhân, 1 chiếc cuống nhau thai nhi, 15g màng mề gà. Tất cả tán nhỏ, trộn với 250g táo, 250g bột mì, 30g bách thảo sương, luyện với mật ong thành thuốc viên, mỗi viên nặng khoảng 10g. Mỗi ngày uống 3 lần, mỗi lần 1 viên.","","","","","",""
57,"CHỮA THIẾU MÁU","ĐẢNG SÂM SẮC VỚI PHÈN XANH","Bệnh thiếu huyết sắc tố.","Dùng 50g đẳng sâm, 2,5g phèn xanh. Cho vào 1 bát nước, sắc lấy 1/2 bát. Mỗi ngày uống 1 lần.","Bổ máu, tăng cường thể lực.","","","","",""
57,"CHỮA THIẾU MÁU","BỘT DẠ DÀY LỢN","Bệnh thiếu huyết sắc tố.","Dùng 1 chiếc dạ dày lợn, rửa sạch, sao khô, tán nhỏ. Mỗi lần 25g; mỗi ngày uống 2 lần. Điều trị liên tục trong 2 tháng.","Bổ huyết, bổ âm.","","","","",""
57,"CHỮA THIẾU MÁU","KỶ TỬ, TRỨNG GÀ, TÁO TÀU","Bệnh thiếu máu.","Kỷ tử 30g, táo 10 quả, trứng gà 2 quả. Tất cả đem nấu chín kỹ, trứng gà chín, bóc bỏ vỏ, đun tiếp tục ít phút là được. Ăn trứng, uống nước: Cách 1 ngày ăn 1 lần.","Bổ dưỡng khí huyết.","","","","",""
57,"CHỮA THIẾU MÁU","HOÀI SƠN, LONG NHÃN HẦM VỚI BA BA","Bệnh thiếu máu, cơ thể suy nhược sau khi ốm.","Hoài sơn và long nhãn mỗi thứ 15 - 25g, 1 con ba ba. Trước tiên thả ba ba vào nước sôi để ba ba bài tiết hết phân, nước đái, sau đó mổ ba ba, bỏ ruột, gan rửa sạch (để mai) cho hoài sơn, long nhãn vào trong bụng ba ba. Hấp cách thủy cho đến khi chín nhừ. Ăn hết trong ngày.","Bổ dưỡng khí huyết.","","","","",""
57,"CHỮA THIẾU MÁU","UỐNG SỮA BÒ, MẬT ONG","Bệnh thiếu máu.","Lấy 250g sữa bò đun sôi, sau đó cho vào 50g mật ong, quấy đều. Uống lúc sáng sớm hàng ngày, khi còn đói bụng. Hoặc uống 15g mật ong với nước sôi, uống vào 2 buổi sáng, buổi chiều.","Bổ dưỡng khí huyết.","","","","",""
57,"CHỮA THIẾU MÁU","GAN LỢN XÀO ĐẬU TƯƠNG","Bệnh thiếu máu, da khô vàng.","Dùng đậu tương và gan lợn mỗi thứ 100g. Trước hết đem đậu tương nấu gần chín, cho gan lợn vào tiếp tục nấu chín kỹ. Chia làm 3 lần, ăn hết trong ngày. Ăn liên tục trong 3 tuần.","Bổ khí huyết.","","","","",""
57,"CHỮA THIẾU MÁU","RAU CHÂN VỊT NẤU VỚI GỪNG, TRỨNG GÀ","Bệnh thiếu máu.","Rau chân vịt, số lượng không hạn chế, rửa sạch cho vào nước đun sôi, cho vào ít gừng tiếp tục đun. Khi nước sôi, đập vào 2 quả trứng gà quấy đều. Ăn hết trong ngày (1 hoặc 2 lần). Ăn liên tục trong 1 tháng.","Bổ dưỡng khí huyết.","","","","",""
57,"CHỮA THIẾU MÁU","UỐNG RƯỢU NHO ĐỎ","Bệnh thiếu máu.","Uống rượu nho đỏ, mỗi ngày 13ml vào lúc sáng, chiều. Uống liên tục.","Bổ huyết, sinh máu. Còn có tác dụng chữa bệnh giảm tiểu cầu.","","","","",""
57,"CHỮA THIẾU MÁU","BỘT GAN THỎ UỐNG VỚI NƯỚC CƠM","Bệnh trẻ em thiếu máu do suy dinh dưỡng.","Dùng 5 lá gan thỏ, thái ra, sấy khô, tán nhỏ. Trẻ em 1 tuổi, mỗi lần uống 3g (tăng 1 tuổi, thêm 1,5g). Mỗi ngày uống 3 lần, uống với nước cơm.","Bổ âm, bổ huyết.","","","","",""
57,"CHỮA THIẾU MÁU","CƠM XƯƠNG SỐNG LỢN HẦM VỚI NGÓ SEN","Khí huyết suy nhược sau khi ốm (thiếu máu) người mắc chứng bệnh này thường: da xanh xao, lưng đau, chân tay mỏi.","Mỗi lần dùng 500g xương sống lợn, tủy sống lợn, ngó sen khoảng 250g. Ninh nhừ, ăn cái uống nước. Cách 3 ngày ăn 1 lần. Ăn 2 - 4 lần sẽ có hiệu quả.","Bổ dưỡng khí huyết. Có tác dụng trị chứng đau lưng mạn tính hoặc xương sống bị tổn thương lâu dài.","","","","",""
57,"CHỮA THIẾU MÁU","CƠM LƯƠN, NƯỚC GỪNG, GẠO TẺ","Bệnh thiếu máu, gầy còm, mệt mỏi.","Mỗi lần dùng 15g lươn, 10 - 20ml nước gừng. Trộn lươn, nước gừng với gạo tẻ thổi thành cơm.","Bổ huyết","","","","",""
57,"CHỮA THIẾU MÁU","ĐẬU ĐEN HẦM CÁ NHEO","Bệnh thiếu máu, cơ thể suy nhược sau khi ốm.","Mỗi ngày dùng 60 - 90g đậu đen, 2 - 4 con cá nheo (bỏ đầu, ruột). Đun nhỏ lửa, ninh nhừ ăn. Bổ dưỡng cơ thể, tăng cường khí huyết. Nếu ăn uống kém, có thể thêm trần bì để điều hòa kích thích tiêu hóa, hoặc chia ra nhiều lần trong ngày để ăn. Bài thuốc còn có tác dụng chữa trị cơ thể suy nhược sau khi sinh đẻ, phụ nữ khí huyết hư nhức đầu, chóng mặt, ra mồ hôi trộm, ù tai và tiểu cầu giảm v.v...","","","","","",""
57,"CHỮA THIẾU MÁU","TIẾT GÀ NẤU VỚI TRỨNG GÀ","Bệnh thiếu máu, cơ thể suy nhược.","Mỗi lần dùng 30g tiết gà, 2 quả trứng gà. Cho vào 2 bát nước, đun sôi, trứng gà chín, vớt ra bóc bỏ vỏ, cho trứng đã luộc chín, vớt ra bóc bỏ vỏ, cho trứng đã luộc chín vào, tiếp tục đun nhỏ lửa, cô lại còn 1 bát nước, pha vào ít đường trắng. Ăn trứng, uống nước.","Bổ huyết, sinh máu.","","","","",""
57,"CHỮA THIẾU MÁU","TÁO TÀU SẮC VỚI HẠN LIÊN THẢO","Bệnh thiếu máu.","Mỗi lần dùng 50g hạn liên thảo, 8-20 quả táo. Cho vào 2 bát nước; sắc lấy 1 bát, bỏ bã. Uống nước, ăn táo.","Bổ âm, dưỡng huyết.","","","","",""
57,"CHỮA THIẾU MÁU","BẠCH TUỘC XÀO NƯỚC GỪNG","Bệnh thiếu máu","Mỗi lần dùng 250g thịt bạch tuộc tươi, rửa sạch, thái nhỏ. Cho dầu ăn xào chín, cho vào 1 - 2 thìa nước gừng, đun tiếp vài phút. Ăn vào 2 bữa cơm.","Bổ huyết, ích khí, kích thích tiêu hóa.","","","","",""
57,"CHỮA THIẾU MÁU","SÒ HUYẾT XÀO","Bệnh thiếu máu.","Mỗi lần dùng 500 - 800g sò huyết tươi, rửa sạch, luộc chín. Tách lấy ruột sò, xào với dầu lạc, gia vị. Ăn với cơm.","Bổ tỳ, bổ huyết.","","","","",""
57,"CHỮA THIẾU MÁU","VỊT HẤP VỚI ĐÔNG TRÙNG HẠ THẢO","Bệnh thiếu máu.","Mỗi lần dùng 1 con vịt, làm sạch lông, bỏ ruột, lấy 10 - 12g đông trùng hạ thảo cho vào trong bụng vịt. Hấp cách thủy, cho gia vị. Ăn với cơm.","Bổ trung ích khí, bổ huyết, sinh huyết.","","","","",""
58,"CHỮA XUẤT HUYẾT DƯỚI DA DO GIẢM TIỂU CẦU","TÁO TÀU HẤP VỚI MÀNG LẠC NHÂN","Xuất huyết dưới da do tiểu cầu giảm (bệnh trạng: Da vàng như nghệ, có những chấm đỏ lốm đốm, ăn uống khó tiêu, nhức đầu, ù tai, viêm lưỡi, mạch chậm).","Táo tàu 50g, màng lạc 20g. Cho nước vừa đủ, đun nhỏ lửa cho đến khi táo nhừ, cho vào 1 ít đường trắng. Ăn táo, uống nước.","Bổ khí, sinh huyết. Những người sau khi ốm, huyết hư, giảm tiểu cầu, điều trị bằng bài thuốc này rất tốt. Điều trị lâu dài sẽ có kết quả.","","","","",""
58,"CHỮA XUẤT HUYẾT DƯỚI DA DO GIẢM TIỂU CẦU","TÁO TÀU","Bệnh xuất huyết dưới da do dị ứng (bệnh trạng: ứ đọng máu dưới lớp da, người bị nặng thì dưới lớp da xuất hiện từng mảng máu lớn, đau bụng, đi ỉa ra máu hoặc bệnh thận biến chứng).","Táo tàu 15 quả, ngâm trong nước sôi 1 tiếng, sau đó đun nhỏ lửa, sắc lấy nước uống. Chia làm 3 lần uống hết trong ngày. Mỗi đợt điều trị 7 ngày. Chữa xuất huyết dưới da do dị ứng. Phải uống lâu, không phải kiêng kị gì.","","","","","",""
58,"CHỮA XUẤT HUYẾT DƯỚI DA DO GIẢM TIỂU CẦU","LẠC NHÂN HẤP VỚI TỎI","Bệnh xuất huyết dưới da do dị ứng (bệnh trạng như trên).","Dùng lạc nhân và tỏi mỗi thứ 100g. Hấp chín ăn. Cách ngày ăn 1 lần. Điều trị liên tục 4 - 6 lần. Chữa xuất huyết dưới da do dị ứng vi khuẩn, ký sinh trùng gây ra.","","người mắc bệnh ỉa lỏng mạn tính không được dùng bài thuốc này.","","","",""
58,"CHỮA XUẤT HUYẾT DƯỚI DA DO GIẢM TIỂU CẦU","THỊT MÈO HẤP VỚI LONG NHÃN, ĐẲNG SÂM","Bệnh xuất huyết dưới da do dị ứng.","Mỗi lần dùng 15g long nhãn, 30g đẳng sâm và khoảng 250g thịt mèo. Hấp cách thủy. Ăn cái, uống nước.","","","","","",""
58,"CHỮA XUẤT HUYẾT DƯỚI DA DO GIẢM TIỂU CẦU","THỊT THỎ HẤP TÁO TÀU","Bệnh xuất huyết dưới da do dị ứng.","Mỗi lần dùng 10 - 15g táo, 150 - 200g thịt thỏ. Hấp cách thủy, ăn nóng. Cũng có thể đun ninh nhừ ăn (không cho gừng).","Kiện tỳ, bổ huyết. Có tác dụng chữa trị cơ thể suy nhược sau khi ốm, phụ nữ huyết hư, gầy yếu, mệt mỏi.","","","","",""
58,"CHỮA XUẤT HUYẾT DƯỚI DA DO GIẢM TIỂU CẦU","TÁO TÀU HẤP VỚI MÀNG LẠC NHÂN, ĐƯỜNG ĐỎ","Bệnh giảm tiểu cầu.","Dùng táo tàu, màng lạc, đường đỏ. Hấp chín ăn. Chữa bệnh giảm tiểu cầu.","","","","","",""
58,"CHỮA XUẤT HUYẾT DƯỚI DA DO GIẢM TIỂU CẦU","CHÁO TÁO TÀU, XƯƠNG CHÂN DÊ, GẠO TẺ","Bệnh xuất huyết dưới da do giảm tiểu cầu.","Mỗi lần dùng 1 - 2 chiếc xương chân dê, đập dập, táo tàu 20 - 30 quả, gạo tẻ vừa đủ. Cho nước vừa đủ, nấu thành cháo. Chia làm 2 - 3 lần, ăn hết trong ngày.","Bổ dưỡng khí huyết. Còn có tác dụng chữa trị bệnh thiếu máu, lưng gối đau mỏi, trẻ em chậm mọc răng.","","","","",""
58,"CHỮA XUẤT HUYẾT DƯỚI DA DO GIẢM TIỂU CẦU","THỊT MÈO HẤP VỚI TỎI","Bệnh tiểu cầu giảm.","Mỗi lần dùng 30g tỏi, 250g thịt mèo, cho dầu ăn, trộn đều. Hấp cách thủy.","Kiện tỳ, bổ huyết.","","","","",""
58,"CHỮA XUẤT HUYẾT DƯỚI DA DO GIẢM TIỂU CẦU","ĐẬU ĐEN HẦM VỚI CÁ NHEO","Bệnh giảm tiểu cầu.","Mỗi lần dùng 60 - 90g đậu đen, 2 - 4 con cá nheo (bỏ đầu, bỏ mật). Đun nhỏ lửa, ninh nhừ, ăn với cơm.","Bổ thận, bổ huyết.","","","","",""
58,"CHỮA XUẤT HUYẾT DƯỚI DA DO GIẢM TIỂU CẦU","CAO A GIAO HẤP VỚI RƯỢU, ĐƯỜNG CÁT","Bệnh xuất huyết dưới da.","Cao A Giao 30g, cho vào 1 ít rượu trắng, một ít đường cát. Hấp kỹ ăn. Chia làm 2 lần, ăn hết trong ngày. Ăn liên tục 7 ngày.","","","","","",""
58,"CHỮA XUẤT HUYẾT DƯỚI DA DO GIẢM TIỂU CẦU","THỊT MÈO NẤU VỚI THỊT RẮN","Bệnh xuất huyết dưới da.","Thịt mèo, thịt rắn không hạn chế số lượng, nấu chín kỹ.","Công hiệu đặc biệt.","","","","",""
58,"CHỮA XUẤT HUYẾT DƯỚI DA DO GIẢM TIỂU CẦU","BÀI THUỐC PHÒNG CHỮA BỆNH UNG THƯ - NHỮNG THUỐC GIA TRUYỀN (CÓ BỆNH CHỮA BỆNH, KHÔNG CÓ BỆNH THÌ PHÒNG BỆNH)","Các loại ung thư.","Dùng 1 lạng cây lô biên (lobélie; cây chữa rắn độc cắn), 2 lạng cỏ lưỡi rắn hoa mai. Cho vào 15 bát nước, sắc trong 2 tiếng lấy nước uống thay nước chè, uống cả ngày lẫn đêm (1 thang) chữa liên tục 3 - 4 tháng. Bài thuốc này đã từng chữa khỏi nhiều loại ung thư, thực sự là đại phúc âm cứu người.","","","","","",""
58,"CHỮA XUẤT HUYẾT DƯỚI DA DO GIẢM TIỂU CẦU","SINH ĐỊA SẮC VỚI RỄ CỎ TRANH, TRẮC BÁCH DIỆP","Bệnh xuất huyết dưới da do tiểu cầu giảm (bệnh phát sinh tương đối nhanh, lúc đầu sốt cao, chấm đỏ dưới da to dần, lưỡi đỏ, da đỏ, tim hồi hộp mạch nhanh, có khi bài tiết ra máu, chảy máu cam..)","Sinh địa 30g, rễ cỏ tranh trắng 60g, trắc bách diệp 20g. Sắc kỹ lấy nước, uống thường xuyên thay nước chè. Mỗi ngày uống 3 - 5 lần.","Mát máu, cầm máu, bổ âm, sinh huyết. Cũng có thể dùng chữa chứng máu nóng, phát ban, chảy máu cam.","Khi đã dứt cơn sốt thì ngừng uống thuốc, không được uống kéo dài.","","","",""
58,"CHỮA XUẤT HUYẾT DƯỚI DA DO GIẢM TIỂU CẦU","TÁO TÀU HẦM VỚI MAI RÙA","Bệnh xuất huyết dưới da do tiểu cầu giảm, âm hư, hỏa vượng (bệnh trạng: sốt nhẹ, ra mồ hôi trộm, lưỡi đỏ, ít nước bọt, nhức đầu, tim hồi hộp, mạch vi nhanh).","Sinh địa, mạch môn đông, cao A Giao, cao mai rùa, và đường phèn mỗi thứ 50g, táo tàu 100g. Trước hết cho sinh địa, mạch môn đông, táo vào ninh nhừ, cô đặc lấy 500ml nước, bỏ bã (giữ lại táo). Cho cao A Giao, cao mai rùa hấp cách thủy cho cao chảy tan. Sau đó cho cao đã chảy tan, 50g đường phèn, 20ml rượu trắng vào 500ml nước thuốc đã sắc ở trên. Quấy đều, đun nhỏ lửa, cô đặc thành cao. Mỗi lần ăn 20ml, mỗi ngày 3 lần.","","Những người tỳ, vị hư, ỉa chảy, cảm mạo sốt rét chưa khỏi hẳn thì không được dùng bài thuốc này.","","","",""
59,"CHỐNG UNG THƯ","ĐỈA, TẢO BIỂN VÀ RƯỢU","Chống ung thư thực quản.","Đỉa 10g, tảo biển 1 lạng. Sao giòn, tán nhỏ. Mỗi lần uống 1/5 lạng, uống với rượu.","","","","","",""
59,"CHỐNG UNG THƯ","VỊT HẦM VỚI HỒ TIÊU, GỪNG","Chống ung thư thực quản.","Dùng 1 con vịt, 1 lạng hồ tiêu trắng, 2-3 lạng gừng tươi. Vịt làm sạch lông, bỏ ruột. Cho hồ tiêu, gừng vào trong bụng vịt, hầm trong 2 tiếng. Ăn hết 1 lần trong ngày. Ăn xong da có thể đỏ lên, nhưng tự nó sẽ tiêu đi, không cần phải xử lý gì.","","","","","",""
59,"CHỐNG UNG THƯ","BONG BÓNG CÁ CHIM CHIÊN GIÒN","Chống ung thư dạ dày.","Lấy bong bóng cá chim dùng dầu lạc chiên giòn, tán nhỏ. Mỗi lần uống 5g, uống với nước sôi, mỗi ngày 3 lần.","","","","","",""
60,"CHỮA BỆNH MÁU TRẮNG","BỘT THỊT CHỒN HÔI","Chống ung thư tử cung.","Giết con chồn hôi, lột da, bỏ ruột gan. Sấy khô, nghiền thành bột. Mỗi ngày ăn 1/2. Ăn liên tục từ 3 - 5 con.","","","","","",""
60,"CHỮA BỆNH MÁU TRẮNG","BỘT ĐUÔI CÁ ĐUỐI UỐNG VỚI NƯỚC SÔI","Chống ung thư phổi.","Đuôi cá đuối (đuôi to dùng 1 chiếc, đuôi nhỏ dùng 2 chiếc), sao vàng, tán nhỏ hãm với nước sôi để uống. Mỗi ngày uống 1 lần. Hoặc dùng 10 chiếc đuôi cá đuối, sao vàng, tán nhỏ, trộn đều với 15g chu sa, chia làm 10 gói. Mỗi ngày uống 1 gói, uống với nước sôi. Mỗi đợt điều trị 7 - 16 ngày. Cách 3-5 ngày lại tiếp tục uống. Điều trị liên tục 2 - 3 đợt sẽ thấy kết quả.","","","","","",""
60,"CHỮA BỆNH MÁU TRẮNG","CÁ BƯỚM SẮC RỄ CỎ TRANH","Chống ung thư mũi, họng.","Cá bướm biển sắc với rễ cỏ tranh, cỏ lưỡi rắn hoa mai, trắc bách diệp mỗi thứ 15g, lấy nước uống.","","","","","",""
60,"CHỮA BỆNH MÁU TRẮNG","NƯỚC SINH ĐỊA, RỄ CỎ TRANH","Chữa chứng máu trắng (bệnh trạng: sốt cao, nhức đầu, miệng khát, mệt mỏi, xuất huyết phát ban, lưỡi đỏ, mạch nổi).","Rễ cỏ tranh trắng tươi và sinh địa mỗi thứ 50g. Giã nát, vắt lấy nước, cho vào một ít đường trắng, đun sôi lên uống.","Mát máu, thanh nhiệt.","- Khi hết sốt thì ngừng uống thuốc để khỏi tổn thương mật, dạ dày.","","","",""
60,"CHỮA BỆNH MÁU TRẮNG","LÁ LÁCH LỢN","Chữa chứng máu trắng do khí huyết hư (xanh xao mệt mỏi, tim đập nhanh, thở hụt hơi, nhức đầu, ù tai, ra mồ hôi trộm, chảy máu cam hoặc xuất huyết dưới da, mạch vi).","Lá lách lợn sấy khô tán nhỏ, bách hợp sao khô tán nhỏ. Trộn 2 loại bột vào nhau. Mỗi lần uống 7,5g, mỗi ngày 3 lần.","Giải độc, chống ung thư. Có tác dụng chữa chứng máu trắng mạn tính, phù gan, lá lách.","","","","",""
60,"CHỮA BỆNH MÁU TRẮNG","RAU RĂNG NGỰA (CÂY SỐNG ĐỜI, CÂY TRƯỜNG THỌ) CAO A GIAO","Bệnh máu trắng do khí huyết hư (bệnh trạng như trên).","Rau răng ngựa 60g, cao A Giao 10g. Trước hết đem rau răng ngựa sắc kỹ lấy nước, sau đó hòa tan cao A Giao vào nước thuốc. Mỗi lần uống 20ml, mỗi ngày uống 2 - 3 lần.","Chữa chứng máu trắng mạn tính, thiếu máu, sốt nhẹ, mắc bệnh đường ruột.","Những người mắc chứng hư hàn, ỉa chảy không được dùng.","","","",""
60,"CHỮA BỆNH MÁU TRẮNG","TRỨNG GÀ NẤU VỚI SÁP ONG","Bệnh máu trắng do khí huyết hư (bệnh trạng như trên).","Trứng gà tươi 5 quả, sò biển sao vàng tán nhỏ 10g, sáp ong 30g, trộn đều nấu chín, chia 2 lần, uống hết trong ngày.","- Bổ âm, bổ huyết. Chữa chứng phù gan, lách, máu trắng mạn tính.","","","","",""
61,"CHỮA VIÊM THẬN CẤP","LỆ CHI THẢO HÒA MẬT ONG","Bệnh viêm thận cấp (bệnh trạng sốt rét dữ dội, phù thũng, đái ít, nước đái vàng, trong nước đái xuất hiện những tế bào đỏ, trắng, lòng trắng trứng gà hoặc hình ống, táo bón. Nếu huyết áp tăng thì nhức đầu dữ dội, muốn nôn, bựa lưỡi trắng, mạch phù gấp hoặc trầm, hoặc nhanh).","Mỗi lần dùng lệ chi thảo và xa tiền thảo mỗi thứ 50g, cho vào 500ml nước, sắc lấy nước. Khi uống hòa vào ít mật ong. Mỗi ngày uống 3 lần.","Thanh nhiệt, giải độc, lợi tiểu, tiêu phù nề, mát máu, cầm máu. Chữa trị viêm thận cấp, phù nề, phát sốt, bí tiểu tiện, trong nước tiểu có tế bào trắng hồng.","","","","",""
61,"CHỮA VIÊM THẬN CẤP","UỐNG NƯỚC RÂU NGÔ, RỄ CỎ TRANH","Bệnh viêm thận cấp (bệnh trạng như trên).","Mỗi lần dùng râu ngô và rễ lau trắng tươi mỗi thứ 50g. Sắc lấy nước uống, uống thay nước chè. Mỗi ngày uống 3 - 4 lần.","Thanh nhiệt, giải độc, lợi tiểu, tiêu phù, hạ huyết áp, mát máu.","Những người mắc chứng viêm thận mạn tính do tỳ, thận hư không được dùng bài thuốc này.","","","",""
61,"CHỮA VIÊM THẬN CẤP","CANH BÍ ĐAO ĐẬU ĐỎ","Bệnh viêm thận cấp (bệnh trạng như trên).","Dùng 500g bí đao, 30g đậu đỏ. Cho nước vừa đủ, ninh nhừ. Không cho muối, hoặc cho rất ít. Ăn cái, uống nước. Mỗi ngày ăn 2 lần.","Thanh nhiệt, tiêu phù, kiện tỳ, lợi tiểu.","Bệnh viêm thận mạn tính, tỳ thận hư không được dùng.","","","",""
61,"CHỮA VIÊM THẬN CẤP","ĂN CHÁO Ý DĨ, RAU CẢI TRẮNG","Bệnh viêm thận cấp (bệnh trạng như trên).","Dùng 500g rau cải trắng, 60g ý dĩ. Ninh nhừ ý dĩ thành cháo, rau cải trắng rửa sạch thái nhỏ cho vào cháo đun sôi cho đến khi rau chín là được (không được ninh lâu), không cho muối, hoặc cho rất ít. Mỗi ngày ăn 2 lần.","Bổ tỳ, thanh nhiệt, lợi tiểu.","","","","",""
61,"CHỮA VIÊM THẬN CẤP","CANH CÁ DIẾC, ĐỊA DU...","Bệnh viêm thận cấp","Cá diếc còn sống 2 con, lá địa du tươi 25 - 50g, thổ đại hoàng tươi 15 - 25g. Cá diếc mổ, rửa sạch, nấu với hai vị thuốc trên. Nấu chín kỹ, ăn cả nước lẫn cái. Ăn trước lúc đi ngủ 2 tiếng hoặc sau bữa cơm 1 tiếng. Mỗi ngày uống 1 thang; điều trị liên tục 3 - 5 thang sẽ khỏi bệnh.","","","","","",""
61,"CHỮA VIÊM THẬN CẤP","TRỨNG GÀ HẤP HỒ TIÊU","Bệnh viêm thận cấp.","Lấy 1 quả trứng gà tươi, đục 1 lỗ nhỏ, cho 7 hột hồ tiêu vào trong quả trứng, lấy bột mì, bịt lỗ thủng, bên ngoài dùng giấy ẩm gói kín quả trứng, cho trứng vào nồi hấp, hấp chín. Bóc bỏ vỏ trứng, ăn trứng và hồ tiêu. Người lớn mỗi ngày 2 quả trứng, trẻ em ngày 1 quả. Ăn liên tục 10 ngày, cách 3 ngày sau, ăn tiếp 10 quả nữa.","ôn trung, tiêu viêm.","","","","",""
61,"CHỮA VIÊM THẬN CẤP","CANH CUA VỚI VỎ CÂY DÂU","Bệnh viêm thận cấp.","Cua 250g, vỏ cây dâu trắng 50g. Nấu canh để ăn.","","","","","",""
61,"CHỮA VIÊM THẬN CẤP","CHÁO CÁ VÀNG Ý DĨ","Bệnh viêm thận cấp.","Cá vàng nấu cháo với ý dĩ.","","","","","",""
61,"CHỮA VIÊM THẬN CẤP","CÁ CHÉP NẤU VỚI LÁ CHÈ, GIẤM CHUA","Bệnh viêm thận cấp","Dùng 1 cá chép tươi (khoảng 500g), đánh sạch vẩy, bỏ mật, lá chè 10g, giấm chua 1 lạng. Cho nước vừa đủ, nấu chín nhừ. Ăn vào lúc đói, ăn hết trong 1 lần.","","","","","",""
61,"CHỮA VIÊM THẬN CẤP","UỐNG SỮA DÊ TƯƠI","Bệnh viêm thận cấp.","Đun sôi sữa dê, mỗi sáng uống 500ml. Nếu bệnh nặng, mỗi ngày uống 2 lần. Mỗi đợt điều trị 1 tháng. Điều trị liên tục 7- 8 đợt (5 - 7 tháng liền) sẽ có kết quả.","","","","","",""
62,"CHỮA VIÊM THẬN MẠN TÍNH","CÁ DIẾC HẤP VỚI TỎI","Bệnh viêm thận mạn tính (bệnh trạng, lưng mỏi, chân phù hoặc vừa phù vừa nặng vừa có bóng nước) mệt mỏi uể oải, đái trong kéo dài hoặc ít, bụng dạ trướng đầy, ấm ách khó tiêu, bựa lưỡi trắng, mạch chậm. Trong nước đái nhiều an-bu-min.","Dùng 1 con cá diếc khoảng 250g, mổ rửa sạch bỏ mật. Cho vào bụng cá 10g tỏi, bên ngoài lấy giấy ẩm, thấm hết nước. Cho cá vào giữa cám gạo, hấp chín. Ăn cá, tỏi. Ăn hết trong ngày.","- Ấm dạ, bổ hư, tiêu thấp, tiêu phù. Chữa trị chứng viêm thận mạn tính, tỳ, thận hư hàn, cơ thể phù nề suy nhược (chứng máu ít an-bu-min).","Những người cảm mạo, sốt cao không được dùng bài thuốc này.","","","",""
62,"CHỮA VIÊM THẬN MẠN TÍNH","HOÀNG KỲ, SƠN DƯỢC SẮC VỚI MAI RÙA","Bệnh viêm thận mạn tính (bệnh trạng như trên).","Hoàng kỳ, sơn dược, mai rùa mỗi thứ 30g. Trước hết đem mai rùa ninh nhừ trong 1 - 2 tiếng, sau đó cho hoàng kỳ, sơn dược vào ninh tiếp cho đến khi chín nhừ là được. Bỏ bã, uống nước.","- Chữa trị chứng viêm thận mạn tính do tỳ, thận. Khí đều hư; gan thận yếu, trong nước tiểu có nhiều an-bu-min.","người mắc bệnh viêm thận cấp, cảm mạo chưa khỏi không được dùng bài thuốc này.","","","",""
62,"CHỮA VIÊM THẬN MẠN TÍNH","ĐẢNG SÂM, KHIẾM THỰC HẤP VỚI THẬN LỢN","Bệnh viêm thận mạn tính (bệnh trạng như trên).","Đảng sâm, hoàng kỳ, khiếm thực mỗi thứ 20g, 1 quả cật lợn. Cật lợn mổ rửa sạch, cho vào vị thuốc, ninh nhừ, cho vào ít muối. Ăn 1 lần trong ngày.","","Những người thận yếu, sốt nhẹ không được dùng bài thuốc này.","","","",""
62,"CHỮA VIÊM THẬN MẠN TÍNH","CHÁO GẠO NẾP, KHIẾM THỰC...","Bệnh viêm thận mạn tính (bệnh trạng y như trên).","Khiếm thực và gạo nếp mỗi thứ 30g, ngân hạnh 10 quả (bỏ vỏ). Cho nước vừa đủ, nấu thành cháo. Mỗi ngày ăn 1 lần, ăn trong 10 ngày liên tục.","Thích hợp với người trong và sau thời kỳ mắc viêm thận mạn tính, khí hư, nước tiểu nhiều an-bu-min lâu ngày không khỏi.","","","","",""
62,"CHỮA VIÊM THẬN MẠN TÍNH","NƯỚC LÁ HỒNG (CÂY HỒNG ĂN QUẢ)","Bệnh viêm thận mạn tính (bệnh trạng như trên).","Lấy 300g lá hồng, rửa sạch, thái nhỏ. Cho đun nhỏ lửa, cô đặc lấy 1000ml nước, bỏ bã. Tiếp tục đun nhỏ lửa, cô đặc nước lá hồng, cho vào một ít đường trắng, đảo đều, cho đến khi khô. Mỗi lần uống 15g, mỗi ngày 3 lần.","Giảm lượng an-bu-min trong nước tiểu.","","","","",""
62,"CHỮA VIÊM THẬN MẠN TÍNH","CAO MAI RÙA, CAO A GIAO","Bệnh viêm thận mạn tính.","Cao mai rùa 10g (hoặc mai rùa sao vàng 20g, sắc lấy nước), cao A Giao 10g, hòa tan 2 thứ với nhau, cho vào 15g tế sinh thận khí hoàn quấy đều, chia làm 2 lần, uống vào buổi sáng, chiều.","","","","","",""
62,"CHỮA VIÊM THẬN MẠN TÍNH","CHÁO GẠO TẺ, PHỤC LINH, HẠT DẺ","Bệnh viêm thận mạn tính do tỳ, thận, dương đều hư (bệnh trạng: Da xanh xao, toàn thân mệt mỏi, uể oải. Chân tay giá lạnh, toàn thân phù nề và có bóng nước, đái ít, ỉa phân lỏng, thậm chí ho dữ dội không thể nằm yên, lưỡi viêm phù, mạch trầm vi).","Dùng 10 hạt dẻ, 10g phục linh, 30g gạo tẻ, một ít đường trắng. Đem phục linh rửa sạch, cho vào ấm men vào 3 bát nước, đun nhỏ lửa sắc trong 1/2 giờ, bỏ bã, chắt lấy nước. Hạt dẻ tách đôi, cho vào gạo, nước phục linh nấu thành cháo. Mỗi lần ăn 1 bát, mỗi ngày ăn 2 lần. Có thể cho vào ít đường trắng.","Bổ tỳ, ích thận, tiêu phù, giảm thấp.","","","","",""
62,"CHỮA VIÊM THẬN MẠN TÍNH","CHÁO GẠO TẺ, QUẾ CHI, TÁO TÀU...","Bệnh viêm thận mạn tính (bệnh trạng, phù nhẹ chi dưới, mắc đi mắc lại nhiều lần, da vàng, trướng bụng, ỉa chảy, bựa lưỡi trắng, nhầy, mạch trầm nổi vi).","Gừng tươi 60g thái nhỏ, quế chi 6g, táo 5 quả, gạo tẻ 60g. Nấu thành cháo. Ăn vào 2 buổi sáng, chiều, cũng có thể ăn thường xuyên cả ngày càng tốt.","Ích khí, bổ thận, tiêu thấp, giảm phù, trừ an-bu-min trong nước tiểu.","","","","",""
62,"CHỮA VIÊM THẬN MẠN TÍNH","THỊT BA BA NẤU VỚI TỎI, ĐƯỜNG, RƯỢU","Bệnh viêm thận mạn tính do gan, thận, âm đều hư (bệnh trạng: Da mắt đỏ, nhức đầu, chóng mặt, tim đập nhanh, mất ngủ, lưng đau, di tinh hoặc phù nhẹ, lưỡi đỏ, bựa lưỡi mỏng, mạch huyền).","Tỏi 100g, thịt ba ba 500g, đường trắng, rượu vừa đủ. Tất cả cho vào nước vừa đủ, ninh nhừ. Chia làm 2 lần, ăn hết trong ngày. Điều trị liên tục 10 - 15 ngày.","Giảm đau, bổ thận, tiêu phù, giảm thấp, khỏi di tinh.","","","","",""
62,"CHỮA VIÊM THẬN MẠN TÍNH","CHÁO GẠO TẺ, HOÀNG KỲ, TRẦN BÌ, ĐƯỜNG ĐỎ","Bệnh viêm thận mạn tính do tỳ, thận hư (bệnh trạng, nét mặt cau có, mệt mỏi, ít ngủ, tai ù, lưng đau, không phù hoặc chỉ phù nhẹ, bựa lưỡi nhạt mỏng, mạch vi).","Hoàng kỳ tươi 30g, gạo tẻ 30g, trần bì 1g, đường đỏ vừa đủ. Hoàng kỳ, lấy nước bỏ bã, cho gạo, đường vào nước hoàng kỳ nấu thành cháo, cuối cùng cho bột trần bì vào quấy đều, đun sôi lên là được. Ăn vào 2 bữa sáng, chiều. Hoặc lấy 100g đậu đen, 500g thịt lợn nạc, ninh nhừ, cho đủ gia vị. Chia làm 2 lần, ăn hết trong ngày. Ăn liên tục 10 - 15 ngày sẽ có kết quả.","","","","","",""
62,"CHỮA VIÊM THẬN MẠN TÍNH","LẠC NHÂN NẤU VỚI ĐẬU TẰM","Bệnh viêm thận mạn tính","Dùng 120g lạc nhân, 250g đậu tằm. Cho vào 4 bát nước, ninh nhừ, lấy nước uống. Khi uống có thể cho 1 ít đường đỏ. Cũng có thể đem lạc nhân táo tàu mỗi thứ 60g nấu lấy nước, uống thay nước chè. Ăn lạc nhân, táo. Ăn liên tục trong 1 tuần sẽ có kết quả.","","","","","",""
62,"CHỮA VIÊM THẬN MẠN TÍNH","QUẢ BẦU NON","Bệnh viêm thận mạn tính, phù nề","Lấy 1 quả bầu non (quả bầu non lúc mới là đài hoa thì tốt nhất), thái nhỏ, sắc lấy nước uống thường xuyên.","Tiêu viêm, lợi tiểu.","","","","",""
62,"CHỮA VIÊM THẬN MẠN TÍNH","CÁ DIẾC TƯƠI HẦM VỚI CAM THẢO","Bệnh viêm thận mạn tính và bóng nước.","Dùng 1 cá diếc tươi khoảng 250 - 300g, bột cam thảo 3g, chu sa 6g. Cho bột cam thảo chu sa vào bụng cá, dùng dây cuốn chặt, cho vào nồi ninh nhừ, không cho muối. Chia làm 3 lần, ăn hết trong ngày. Ăn liên tục 10 ngày liền.","Bổ tỳ, trừ thấp.","","","","",""
62,"CHỮA VIÊM THẬN MẠN TÍNH","ĐẬU TẰM, ĐƯỜNG ĐỎ","Bệnh viêm mạn tính, phù nề.","120g đậu tằm, 90g đường đỏ. Ninh nhừ, ăn sáng hoặc ăn vào 2 bữa chính.","Bổ tỳ, trừ thấp, tiêu phù.","","","","",""
62,"CHỮA VIÊM THẬN MẠN TÍNH","CHÁO GẠO TẺ, CÁ DIẾC, HOA BẤC ĐÈN","Bệnh viêm thận mạn tính","Mỗi lần dùng 5 - 8 hoa bấc đèn, 1 - 2 con cá diếc, 30 gr gạo trắng. Tất cả đem nấu thành cháo, chia làm 4 lần ăn trong ngày.","Ích khí, bổ thận, tiêu phù, trừ thấp, giảm lượng an-bu-min trong nước tiểu.","","","","",""
62,"CHỮA VIÊM THẬN MẠN TÍNH","HẢI MÃ HẤP BẦU DỤC LỢN","Bệnh viêm thận mạn tính","Mỗi lần dùng 1 con hải mã to bằng ngón tay cái (một loại cá làm vị thuốc đông y), cho hải mã vào nồi rang bằng đất, sao vàng, tán bột. Lấy 1 quả bầu dục lợn, mổ rửa sạch, cho bột hải mã vào trong bầu dục, buộc chặt. Hấp cách thủy. Mỗi ngày ăn 1 lần. Điều trị liên tục nửa tháng.","","","","","",""
63,"CHỮA LAO THẬN","TRỨNG GÀ NẤU VỚI CÂY TẾ THÁI","Bệnh lao thận","Mỗi lần dùng 200 - 240 gr cây tế thái tươi (khô thì dùng 60 gr), rửa sạch; cho vào 3 bát nước sắc lấy 1 bát. Đập 1 quả trứng gà vào nước thuốc, quấy đều, tiếp tục đun sôi cho đến khi trứng chín, cho vào 1 ít muối. Ăn trứng gà, uống nước. Mỗi ngày ăn 1 - 2 lần, điều trị liên tục 1 tháng.","Bổ thận, lợi tiểu, bổ âm, bổ tỳ.","","","","",""
63,"CHỮA LAO THẬN","VỊT HẦM VỚI ĐÔNG TRÙNG HẠ THẢO","Bệnh lao thận","30 gr đông trùng hạ thảo, cho vào bụng con vịt đã làm sạch lông, bỏ ruột. Hầm chín nhừ. Chia làm 3 ngày ăn hết. Cách 2 ngày sau lại ăn 1 con nữa. Ăn liên tục 10 con vịt, sẽ có hiệu quả.","Bổ thận, tỳ.","","","","",""
64,"CHỮA ĐAU THẮT LƯNG","HẠT BÔNG SẮC VỚI TRỨNG GÀ","Chữa thận hư đau thắt lưng.","Mỗi lần dùng 10 gr hạt bông, 2 quả trứng gà. Cho vào 2 bát nước, sắc kỹ. Khi trứng chính, bóc bỏ vỏ, cho trứng vào sắc tiếp ít phút nữa và cho 1 ít đường trắng vào thuốc. Uống nước, ăn trứng.","Ấm thận, giảm đau.","","","","",""
64,"CHỮA ĐAU THẮT LƯNG","CANH RAU HẸ, CẬT LỢN","Đau lưng do thận hư.","Mỗi lần dùng 100g rau hẹ, rửa sạch, thái nhỏ; 1 quả cật lợn, mổ, rửa sạch, thái miếng. Cho một ít dầu ăn, một ít muối vào xào chín. Ăn vào hai bữa cơm.","Bổ thận, khỏe lưng, giảm đau.","","","","",""
64,"CHỮA ĐAU THẮT LƯNG","RAU HẸ XÀO VỚI TRỨNG GÀ","Đau lưng do thận hư.","Mỗi lần dùng 100 gr rau hẹ, rửa sạch, thái nhỏ, đập vào 2 quả trứng gà, một ít dầu lạc, một ít muối, xào chín ăn. Ăn vào 2 bữa cơm.","Bổ thận, giảm đau lưng.","","","","",""
64,"CHỮA ĐAU THẮT LƯNG","THỊT DÊ NẤU TỎI","Đau lưng do thận hư.","Mỗi lần dùng 250 thịt dê, thái nhỏ, 50 gr tỏi, bóc bỏ vỏ. Cho nước vừa đủ, nấu chín kỹ, cho ít muối, gia vị vào. Ăn vào 2 bữa cơm.","Bổ thận, giảm đau lưng gối.","","","","",""
64,"CHỮA ĐAU THẮT LƯNG","RAU CẢI CÚC HẤP THỊT LỢN","Đau lưng do thận hư.","Mỗi lần dùng 50 gr rau cải cúc, 150 - 200 gr thịt lợn nạc. Băm nhỏ thịt, rau, trộn đều. Cho vào một ít dầu ăn, muối, gia vị. Hấp cách thủy. Ăn vào bữa cơm.","Bổ thận, bổ huyết, giảm đau.","","","","",""
64,"CHỮA ĐAU THẮT LƯNG","CHÁO GẠO TẺ, THỊT DÊ, NHỤC THUNG DUNG","Đau lưng do thận hư, da sạm.","Mỗi lần dùng 30 gr nhục thung dung, 100 - 150 gr thịt dê, rửa sạch, thái nhỏ. Cho vào ít gạo tẻ, nước vừa đủ, nấu thành cháo. Ăn nóng.","Bổ thận, giảm đau lưng.","","","","",""
64,"CHỮA ĐAU THẮT LƯNG","QUẢ CẬT LỢN NẤU VỚI ĐAO ĐẬU","Đau lưng do thận hư; cơ lưng đau mạn tính.","Mỗi lần dùng 10 hạt đao đậu, 1 quả cật lợn. Cật lợn thái nhỏ. Đậu, cật lợn cho vào 2 bát nước, sắc lấy 1 bát, cho vào 1 ít muối. Ăn cái, uống nước.","Bổ thận, giảm đau.","","","","",""
64,"CHỮA ĐAU THẮT LƯNG","ĐƯƠNG QUY HẦM VỚI ĐUÔI BÒ","Đau lưng do thận hư.","Mỗi lần dùng 30 gr đương quy, 1 cái đuôi bò (làm sạch lông, chặt thành nhiều khúc) cho nước vừa đủ; ninh nhừ, cho vào một ít muối. Ăn cái, uống nước.","Bổ huyết, ích thận, giảm đau.","","","","",""
64,"CHỮA ĐAU THẮT LƯNG","NHÂN SÂM HẤP VỚI RẮN BỜM NGỰA","Đau lưng do thận hư.","Mỗi lần dùng 3 con rắn bờm ngựa, lột da, bỏ ruột, cho vào 6 gr sâm Triều Tiên hoặc 10 gr sâm Cát Lâm. Hấp cách thủy.","Ích khí, bổ âm, bổ thận, giảm đau lưng.","","","","",""
64,"CHỮA ĐAU THẮT LƯNG","THIÊN CÂN BÁ HẦM CHÂN LỢN","Đau lưng do thận hư.","Mỗi lần dùng 60 gr thiên cân bá, 1 chiếc chân lợn, chặt thành miếng. Ninh nhừ, cho vào 1 ít muối, gia vị. Ăn cái uống nước.","Trừ phong thấp, khỏi đau lưng.","","","","",""
64,"CHỮA ĐAU THẮT LƯNG","QUẢ CẬT DÊ NẤU VỚI NHỤC THUNG DUNG","Đau lưng do thận hư.","Mỗi lần dùng 15 - 30 gr nhục thung dung, 1 đôi quả cật dê. Ninh nhừ ăn hết trong ngày.","Bổ thận, giảm đau.","","","","",""
64,"CHỮA ĐAU THẮT LƯNG","THỊT CHÓ NẤU VỚI CÀ RỐT","Đau lưng do thận hư.","Cà rốt và thịt chó (hoặc thịt dê, thịt hươu) lượng vừa đủ. Nấu chín kỹ. Mỗi tối ăn 1 lần.","Bổ thận, giảm đau.","","","","",""
64,"CHỮA ĐAU THẮT LƯNG","RƯỢU NHO UỐNG SÁNG CHIỀU","Bổ khí huyết, khỏi thận hư, đau lưng.","Rượu nho tốt, uống vào 2 buổi sáng, chiều hàng ngày, mỗi lần uống 20 ml.","Bổ khí huyết, bổ thận.","","","","",""
64,"CHỮA ĐAU THẮT LƯNG","KỶ TỬ NẤU VỚI DƯƠNG VẬT BÒ","Đau lưng do thận hư, có thể suy nhược.","Mỗi lần dùng 20 - 40 gr kỷ tử, 1 cái dương vật bò. Hấp cách thủy, có thể cho vào vài lát gừng để khử mùi.","Bổ gan, bổ thận, giảm đau.","","","","",""
64,"CHỮA ĐAU THẮT LƯNG","RUỘT GÀ VỚI HOÀI SƠN SAO VÀNG TÁN NHỎ","Người lớn thận hư, đau lưng, hay mót đái.","Ruột gà (ruột gà sống là tốt nhất) mổ ra, dùng giấm và muối rửa sạch, sau đó sao khô, tán nhỏ. Hoài sơn 30 gr, sao vàng, tán nhỏ. Trộn 2 thứ vào nhau, cho thêm 1 ít đường trắng. Uống với nước sôi uống vào 2 buổi sáng, chiều, uống lúc đói. Mỗi ngày uống 1 thang. Điều trị liên tục 3 - 4 ngày.","Bổ thận, khỏi đau lưng, điều hòa tiểu tiện.","","","","",""
64,"CHỮA ĐAU THẮT LƯNG","ĂN HẠT DẺ","Người cao tuổi thận hư, đau lưng, mỏi gối.","Mỗi buổi sớm, chiều lấy 7 hạt dẻ tươi nhai cho ra nước và nuốt dần dần. Hoặc lấy 30 hạt dẻ vùi trong than nướng chín để ăn trong ngày.","Bổ dưỡng thận, mạnh khỏe xương.","","","","",""
64,"CHỮA ĐAU THẮT LƯNG","THỊT CHÓ HẤP VỚI KHOAI LANG","Thận, dương suy, đêm đi đái nhiều.","Mỗi lần dùng 500 gr khoai lang, gọt vỏ, thái miếng, thịt chó 500 gr, thái miếng. Hấp cách thủy 2 - 3 tiếng, cho vào 1 ít muối.","Bổ dưỡng thận ổn định tiểu tiện.","","","","",""
64,"CHỮA ĐAU THẮT LƯNG","QUẾ HẤP VỚI GAN GÀ","Đau lưng do thận hư.","Mỗi lần dùng 2 - 3 gr quế; 1 - 2 bộ gan gà. Hấp cách thủy. Ăn gan gà, uống nước.","Bổ thận, giảm đau lưng.","Phụ nữ có thai không được dùng bài thuốc này. Trẻ em giảm 1/2 lần.","","","",""
64,"CHỮA ĐAU THẮT LƯNG","HỒI HƯƠNG HẤP QUẢ CẬT LỢN","Đau lưng do thận hư.","Mỗi lần dùng 2 quả cật lợn, 10 gr hồi hương, một ít muối ăn. Mổ quả cật, rửa sạch, cho hồi và muối vào trong quả cật. Hấp cách thủy. Ăn liên tục nhiều lần.","an thần, tán hàn, giảm đau.","Những người âm hư hỏa vượng không được dùng.","","","",""
64,"CHỮA ĐAU THẮT LƯNG","CỐT TOÁI BỔ HẦM VỚI QUẢ CẬT LỢN","Đau lưng do thận hư, thận hư ỉa lỏng kéo dài.","Mỗi lần dùng 1 quả cật lợn, 6 gr cốt toái bổ. Quả cật lợn, mổ rửa sạch, cốt toái bổ nghiền nhỏ, cho vào trong quả cật lợn, dùng dây buộc chặt. Cho nước vào vừa đủ, hầm chín kỹ. Ăn cả cái lẫn nước.","Bổ thận, khỏi đau lưng.","","","","",""
64,"CHỮA ĐAU THẮT LƯNG","HẠT SEN HẦM VỚI DẠ DÀY LỢN","Đau lưng do thận hư.","hạt sen 90 gr, dạ dày lợn 1 chiếc rửa sạch, thái miếng. Nước vừa đủ, hầm chín kỹ.","Bổ thận, tăng cường tinh lực.","","","","",""
64,"CHỮA ĐAU THẮT LƯNG","XUYÊN ĐOẠN, ĐỖ TRỌNG HẦM VỚI ĐUÔI LỢN","Đau lưng do thận hư.","Mỗi lần dùng 25 gr xuyên đoạn, 30 gr đỗ trọng, 1- 2 cái đuôi lợn (cạo sạch lông, rửa sạch). Ninh nhừ, cho 1 ít muối, gia vị. Ăn cái, uống nước.","bổ thận, khỏi đau lưng.","","","","",""
64,"CHỮA ĐAU THẮT LƯNG","LÁ TÙNG TƯƠI SẮC VỚI TỔ ONG (BIẾNG LÀM TỔ)","Phong thấp đau lưng, đau khi thời tiết thay đổi hoặc cảm thấy mệt mỏi.","Mỗi lần 50 gr lá tùng tươi, 50g tầm gửi (biếng làm tổ). Cho vào 1 bát nước, sắc lấy 1 bát uống hết 1 lần.","Trừ phong, tiêu viêm, giảm đau.","","","","",""
64,"CHỮA ĐAU THẮT LƯNG","ĐẬU ĐEN, TRẦN BÌ... NẤU VỚI QUẢ CẬT LỢN","Đau lưng do thận hư, mệt mỏi, ngồi lâu cảm thấy đau lưng.","Mỗi lần dùng 2 quả cật lợn (hoặc dê, hoặc bò) 100 gr đậu đen, 5 gr trần bì, 50 gr tiểu hồi, 15 gr gừng tươi. Quả cật, mổ, rửa sạch. Cho quả cật, cho vị thuốc vào ninh nhừ. Ăn hết trong ngày.","Trừ phong, giảm đau, thư giãn thần kinh.","","","","",""
64,"CHỮA ĐAU THẮT LƯNG","LÁ HẸ SẮC VỚI RƯỢU, NƯỚC ĐÁI TRẺ EM","Đau lưng do quay lưng đột ngột, vội vàng.","Mỗi lần dùng 50 gr rau hẹ, 1 cốc nước đái trẻ em, 1 cốc rượu. Đun sôi kỹ, uống nóng.","Giãn cơ sinh máu, trừ phong, giảm đau.","","","","",""
64,"CHỮA ĐAU THẮT LƯNG","NHÂN HẠT HỒ ĐÀO XÀO VỚI QUẢ CẬT LỢN","Đau mỏi lưng do thận hư.","Mỗi lần dùng 30 gr nhân hạt hồ đào, 2 quả cật lợn, thái miếng. Xào với dầu lạc. Ăn nóng, ăn trước giờ đi ngủ tối. Ăn liên tục 3 - 5 ngày.","Bổ thận, giảm đau.","","","","",""
64,"CHỮA ĐAU THẮT LƯNG","LÁ NGẢI, GỪNG TƯƠI NẤU VỚI TRỨNG GÀ","Đau lưng, chân tay mệt mỏi.","mỗi lần dùng 10 gr lá ngải, 15 gr gừng tươi, 2 quả trứng gà, nước vừa đủ. Trứng gà rửa sạch, luộc chín, bóc bỏ vỏ. Cho trứng gà, lá ngải, gừng vào ninh nhừ. Ăn cái, uống nước.","Trừ phong, giảm đau, thư giãn thần kinh.","","","","",""
64,"CHỮA ĐAU THẮT LƯNG","TANG KÝ SINH NẤU VỚI TRỨNG GÀ","Đau dây thần kinh vùng lưng, gối.","Mỗi lần dùng 15 - 30 gr tang ký sinh, 1- 2 quả trứng gà. Nấu chín, ăn nóng.","Thư giãn thần kinh, bổ khí, giảm đau.","","","","",""
64,"CHỮA ĐAU THẮT LƯNG","THỊT CHIM CÚT NẤU VỚI CÂU KỶ TỬ...","Đau lưng do thận hư.","Chim cút 1 con (làm sạch lông, bỏ ruột) câu kỷ tử 30 gr, đỗ trọng 9 gr. Cho nước vừa đủ, ninh nhừ, bỏ bã thuốc. Ăn thịt, uống nước.","Bổ thận, giảm đau. Có tác dụng chữa chứng mỏi chân.","","","","",""
64,"CHỮA ĐAU THẮT LƯNG","XƯƠNG SỐNG CHÓ HẦM VỚI ĐUÔI LỢN, THIÊN CÂN BA","Chứng đau cơ lưng, tổn thương do lao động nặng.","Mỗi lần dùng 30 gr thiên cân bá, 30 gr xương sống chó, 1 chiếc đuôi lợn. Cho vào 6 bát nước, sắc kỹ lấy 1 bát.","khỏi đau lưng.","","","","",""
64,"CHỮA ĐAU THẮT LƯNG","TỦY SỐNG LỢN NẤU VỚI NGÓ SEN","Chứng đau lưng mạn tính, cột sống tổn thương do lao động nặng.","Mỗi lần có thể dùng 500 gr xương sống lợn (xương còn nguyên tủy), 250 gr ngó sen ninh nhừ. Ăn hết trong ngày.","Trừ phong, giảm đau, kích thích thần kinh.","","","","",""
64,"CHỮA ĐAU THẮT LƯNG","THỊT GÀ HẦM CÀNH DÂU","Đau cột sống mạn tính do tổn thương.","Mỗi lần dùng 60 gr cành dâu già, 1 con gà mái khoảng 500 gr (làm sạch, bỏ ruột). Ninh nhừ, cho vào ít muối ăn.","Tăng cường tủy sống, trừ phong thấp, chắc khớp xương, giảm đau.","","","","",""
64,"CHỮA ĐAU THẮT LƯNG","QUẢ TRINH NỮ NGÂM RƯỢU","Đau lưng mạn tính.","mỗi lần dùng 250 gr trinh nữ tử, 500 ml rượu. Ngâm trinh nữ tử vào rượu 3 - 4 tuần. Mỗi ngày uống 1 lần.","Bổ gan, thận, trừ phong thấp, giảm đau, bổ âm ích khí.","","","","",""
64,"CHỮA ĐAU THẮT LƯNG","HOÀNG KỲ NẤU VỚI THỊT RẮN","chứng đau lưng mạn tính.","Mỗi lần dùng 50 gr hoàng kỳ bắc, 200 gr thịt rắn, 3 lát gừng tươi. Cho nước vừa đủ, ninh nhừ, cho tí muối dầu ăn. Ăn nóng.","bổ khí huyết, trừ phong thấp, thư giãn thần kinh.","","","","",""
64,"CHỮA ĐAU THẮT LƯNG","GÂN HƯƠU HẦM VỚI LẠC NHÂN","Đau lưng mạn tính.","Mỗi lần dùng 50 - 100 gr gân hươu, 150 - 200 gr lạc nhân. Ninh nhừ, cho một ít dầu ăn, muối. Ăn vào 2 bữa cơm.","Bổ tỳ, ấm dạ, mạnh gân cốt, trừ phong, giảm đau.","","","","",""
64,"CHỮA ĐAU THẮT LƯNG","CÁ MỰC HẤP RƯỢU","Chứng đau lưng.","Cá mực để nguyên cả đầu, hấp với rượu. Ăn 2- 3 lần sẽ có kết quả.","","","","","",""
65,"CHỮA CHỨNG NHIỄM ĐỘC NƯỚC TIỂU","NƯỚC DƯA HẤU","Chứng nhiễm độc nước tiểu (Bệnh trạng - Về ruột, dạ dày thì có hiện tượng buồn nôn, tiêu loạn, trướng bụng, không muốn ăn. Về hệ thống thần kinh thì có hiện tượng nhức đầu, tinh thần mệt mỏi, thậm chí chân tay co rút, ngất. Về hệ tuần hoàn thì có hiện tượng huyết áp tăng, động mạch xơ cứng, tim đập hồi hộp. Ngoài ra còn hiện xuất huyết, cơ thể mất nước, trúng độc, da mẩn ngứa)","Chọn dưa hấu tươi chín, ép lấy nước uống, hoặc ăn tươi tùy ý.","Đối với bệnh viêm phù thận có tác dụng lợi tiểu, giải độc, thanh nhiệt, tăng cường dinh dưỡng.","- Những người mắc chứng đái đường không được dùng.","","","",""
65,"CHỮA CHỨNG NHIỄM ĐỘC NƯỚC TIỂU","CANH VỎ ĐẬU XANH HOẶC ĐẬU XANH","Chứng nhiễm độc nước tiểu.","Dùng 60gr vỏ đậu đậu xanh hoặc đậu xanh; nấu canh ăn, có thể, cho vào 1 ít đường trắng để ăn.","Thanh nhiệt, giải độc, tiêu nóng, giải khát. Giá đậu xanh xào ăn, có tác dụng thanh nhiệt giải độc.","","","","",""
65,"CHỮA CHỨNG NHIỄM ĐỘC NƯỚC TIỂU","BỘT DẾ MÈN UỐNG VỚI RƯỢU","Chứng nhiễm độc nước tiểu.","Lấy 7 con dế, bỏ đầu, chân, rang chín, tán nhỏ. Chia làm 2 lần, uống với rượu. Hoặc lấy 7 con dế mèn (bỏ đầu, bỏ chân), sắc kỹ lấy nước uống.","","","","","",""
65,"CHỮA CHỨNG NHIỄM ĐỘC NƯỚC TIỂU","THỊT DÊ NẤU TỎI","đau sống lưng do thận hư.","Mỗi lần dùng 250g thịt dê, thái miếng, tỏi 50g bóc bỏ vỏ, đổ nước vào nấu, cho muối, gia vị, mì chính vào. Ăn với cơm.","Mát sống lưng, bổ tỳ khí, khỏi phong thấp.","","","","",""
66,"CHỮA CÁC CHỨNG BỆNH VỀ HỆ THỐNG TIẾT NIỆU","CHÈ LÁ TRE, XA TIỀN","Chứng nhiệt ở hệ thống tiết niệu (bệnh trạng: sốt nhẹ, đái nhiều lần, đái gấp, đái buốt, nước đái đỏ nâu, đau lưng, trướng bụng dưới, bựa lưỡi mỏng, vàng hoặc nhầy, mạch hoạt nhanh).","Xa tiền thảo 100 gr, lá tre và cam thảo mỗi thứ 10 gr, một ít đường trắng. Sắc lấy nước uống, uống thay nước chè. Mỗi ngày dùng 1 thang.","Chữa trị viêm đường tiết niệu, viêm bàng quang, đái ít, nước đái đỏ nâu do thấp, nhiệt.","Không nên điều trị kéo dài.","","","",""
66,"CHỮA CÁC CHỨNG BỆNH VỀ HỆ THỐNG TIẾT NIỆU","NƯỚC GIÁ ĐẬU XANH","Chứng nhiệt ở hệ thống tiết niệu (bệnh trạng như trên).","Dùng 500 gr giá đậu xanh, ép lấy nước cho vào một ít đường trắng, uống thường xuyên, hạn chế liều lượng.","Thanh nhiệt, giải độc, lợi tiểu. Thích hợp chữa chứng đái nhiều, nước đái nóng, màu đỏ nâu.","","","","",""
66,"CHỮA CÁC CHỨNG BỆNH VỀ HỆ THỐNG TIẾT NIỆU","CHÈ LÁ TRE TƯƠI, RỄ CỎ TRANH","Chứng nhiệt ở hệ thống tiết niệu (bệnh trạng như trên).","Dùng lá tre tươi 10 gr, hãm với nước sôi, ủ trong 30 phút. Uống thường xuyên, thay nước chè.","Thanh trừ tâm hỏa, mát máu, cầm máu, lợi tiểu, tiêu viêm.","","","","",""
66,"CHỮA CÁC CHỨNG BỆNH VỀ HỆ THỐNG TIẾT NIỆU","HOÀNG KỲ SẮC VỚI CỎ TRANH, VỎ DƯA HẤU...","Chứng hư hệ thống tiết niệu (bệnh trạng: đái nhiều, tinh thần mệt mỏi, váng đầu, ù tai, ăn uống khó tiêu, nhạt miệng, mạch trầm, chân phù nề).","Hoàng kỳ tươi 30gr, rễ cỏ tranh 30gr, nhục thung dung 20gr, vỏ dưa hấu 60gr. Sắc kỹ, lấy nước, pha vào một ít đường trắng. Uống mỗi ngày 2 - 3 lần.","Bổ khí huyết, bổ thận, lợi tiểu, tiêu phù nề.","","","","",""
66,"CHỮA CÁC CHỨNG BỆNH VỀ HỆ THỐNG TIẾT NIỆU","RAU CẦN NẤU VỚI TÁO TÀU","Bệnh viêm bàng quang (đái nhiều lần, nước đái nhiều, đái buốt, đau bụng dưới vùng bàng quang, nước đái có mủ, khi bệnh nghiêm trọng có thể sinh ra đái ra máu lúc cuối, hoặc đái ra toàn máu).","Dùng 250 - 700 gr rau cần, táo 100 - 200gr cho vào 3 bát nước, sắc lấy 1 bát rưỡi. Chia ra làm 3 lần để uống. Mỗi ngày dùng 1 thang. Uống liên tục nhiều ngày sẽ có hiệu quả.","","","","","",""
66,"CHỮA CÁC CHỨNG BỆNH VỀ HỆ THỐNG TIẾT NIỆU","HOA MỘC MIÊN, NƯỚC ĐƯỜNG","Bệnh về đường tiết niệu.","Mỗi lần dùng 30-50gr hoa mộc miên, đường trắng vừa đủ. Cho vào 2,5 bát nước, sắc lấy 1 bát, bỏ bã, uống nước.","Thanh nhiệt, lợi tiểu.","","","","",""
66,"CHỮA CÁC CHỨNG BỆNH VỀ HỆ THỐNG TIẾT NIỆU","RỄ PHỤ CÂY ĐA SẮC VỚI ĐƯỜNG PHÈN","Viêm niệu đạo, viêm bàng quang","Mỗi lần dùng 30g rễ phụ cây đa (tốt nhất là rễ nhỏ, màu nâu, hồng), đường phèn vừa đủ, cho vào 2 bát nước, sắc lấy 1 bát. Bỏ bã, uống nước.","Thanh nhiệt, lợi tiểu, giải độc.","","","","",""
66,"CHỮA CÁC CHỨNG BỆNH VỀ HỆ THỐNG TIẾT NIỆU","CỎ ĐUÔI PHƯỢNG, CÔN BỐ (RONG BIỂN)","Viêm bàng quang, viêm niệu đạo.","Mỗi lần dùng 30gr cỏ đuôi phượng, 30gr rong biển. Cho vào 3 bát nước sắc lấy 1 bát cho một ít muối ăn. Bỏ bã uống nước.","Thanh nhiệt, giải độc mát máu, lợi tiểu.","","","","",""
66,"CHỮA CÁC CHỨNG BỆNH VỀ HỆ THỐNG TIẾT NIỆU","RỄ CỎ TRANH, NƯỚC MÍA","Viêm bàng quang, viêm niệu đạo.","Mỗi lần dùng 50-120 rễ cỏ tranh, 100-300gr nước mía. Sắc lấy nước uống thay nước chè.","Tiêu viêm, lợi tiểu.","","","","",""
66,"CHỮA CÁC CHỨNG BỆNH VỀ HỆ THỐNG TIẾT NIỆU","CỎ BẤC ĐÈN SẮC VỚI MƯỚP ĐẮNG","Đái dắt, nước đái đỏ.","Mỗi lần dùng 4 - 5 ngọn cỏ bấc đèn, 150 - 200gr mướp đắng tươi. Sắc lấy nước uống.","Thanh nhiệt, lợi tiểu.","","","","",""
66,"CHỮA CÁC CHỨNG BỆNH VỀ HỆ THỐNG TIẾT NIỆU","CỎ ĐUÔI PHƯỢNG SẮC VỚI NƯỚC VO GẠO","Viêm hệ thống tiết niệu.","Mỗi lần dùng 30gr cỏ đuôi phượng, cho vào nước vo gạo (lấy nước thứ 2) 3 bát sắc lấy 1 bát rưỡi, cho 1 ít muối, uống hết trong ngày.","Thanh nhiệt, mát máu, lợi tiểu, tiêu viêm.","","","","",""
66,"CHỮA CÁC CHỨNG BỆNH VỀ HỆ THỐNG TIẾT NIỆU","HẠT SEN SẮC VỚI CAM THẢO","Đái dắt, đái nhiều, nước đái đỏ, nâu, đục, sốt nhẹ.","Hạt sen (bỏ tâm sen) 60gr, cam thảo tươi 10gr. Cho vào 1 bát nước đun nhỏ lửa cho đến khi hạt sen chín nhừ là được, cho vào 1 ít đường phèn.","Thanh nhiệt, giải độc, làm trong nước đái.","","","","",""
67,"CHỮA BỆNH SỎI CƠ QUAN TIẾT NIỆU","RÂU NGÔ SẮC VỚI XA TIỀN","Hạ tiêu thấp nhiệt tích tụ thành sỏi thận, sỏi bàng quang, sỏi đường dẫn nước tiểu (bệnh trạng: đau vùng lưng, đau buốt vùng bụng dưới và bộ máy sinh dục, da xanh nhạt, nóng ra mồ hôi, đái nhiều lần, đái buốt, đắng miệng, bựa lưỡi nhầy, mạch huyền, hoạt).","Râu ngô 50gr, xa tiền tử 20gr (gói trong túi vải), cam thảo 10gr. Cho vào 500ml nước, sắc với 400ml, bỏ bã, uống nước. Mỗi ngày uống 3 lần.","Chữa khỏi chứng sỏi viêm cấp cơ quan tiết niệu.","Phụ nữ có thai không được dùng bài thuốc này.","","","",""
67,"CHỮA BỆNH SỎI CƠ QUAN TIẾT NIỆU","NƯỚC NGÓ SEN, TRẮC BẠCH DIỆP","Bệnh sỏi lâu ngày, mạch máu bên trong bị tổn thương (bệnh trạng: có nhiều máu trong nước tiểu, mắt thường cũng nhìn thấy, hoặc qua xét nghiệm có nhiều hồng huyết cầu).","Ngó sen tươi 500gr, trắc bạch diệp 10gr giã nát vắt lấy nước uống. Pha với nước sôi uống, mỗi ngày uống 3 lần.","Mát máu, cầm máu.","Khi máu cầm rồi thì ngưng uống thuốc, không được uống thường xuyên. Người mắc chứng vi hàn không được dùng.","","","",""
67,"CHỮA BỆNH SỎI CƠ QUAN TIẾT NIỆU","CHÁO ĐẬU ĐỎ, MÀNG MỀ GÀ","Mắc bệnh sỏi lâu ngày, đái khó khăn (bệnh trạng: đái nhỏ giọt, không dứt, đau buốt khi bắt đầu đái và khi đái xong, dẫn đến tâm thần thể xác mệt mỏi, ăn uống khó tiêu, lưng đau mỏi, chân tay bủn rủn).","Đậu đỏ 50gr, gạo tẻ 50gr, màng mề gà 20gr (tán nhỏ, dùng tươi). Đem gạo, đậu đỏ nấu thành cháo. Cho màng mề gà, đường vào quấy đều, đun sôi. Mỗi ngày ăn 2 lần.","Chữa sỏi đường tiết niệu.","Người mắc chứng hư hàn không được dùng.","","","",""
67,"CHỮA BỆNH SỎI CƠ QUAN TIẾT NIỆU","MÀNG MỀ GÀ, BỘT NGUYÊN MINH","Bệnh sỏi kéo dài, đái khó khăn (bệnh trạng như trên).","Màng mề gà và bột nguyên minh mỗi thứ 30gr, tán nhỏ. Mỗi lần dùng 3gr, uống với nước cam thảo đã được sắc kỹ. Mỗi ngày uống 3 lần.","- Thanh nhiệt, giải độc. Làm tan sỏi, thải sỏi ra ngoài. Rất phù hợp với người mắc chứng sỏi bộ máy tiết niệu, táo bón, nóng.","những người mắc chứng hư hàn, ỉa chảy không được dùng.","","","",""
67,"CHỮA BỆNH SỎI CƠ QUAN TIẾT NIỆU","SẠN ĐẦU CÁ THỦ","Bệnh sỏi lâu ngày, bài tiết khó khăn (bệnh trạng như trên).","Lấy 30 viên sạn trong đầu cá thủ, tán thành bột, chia làm 10 phần, uống với nước sôi. Mỗi ngày uống 3 lần.","Chữa trị sỏi đường dẫn đến sỏi bàng quang, sỏi thận, đái nhỏ giọt.","","","","",""
67,"CHỮA BỆNH SỎI CƠ QUAN TIẾT NIỆU","NHÂN HẠNH ĐÀO","Bệnh sỏi niệu đạo.","Dùng 120gr nhân quả hạnh đào, dùng dầu ăn rán giòn, cho đường trắng vừa đủ, nghiền nát như hồ. Mỗi lần dùng 40gr, ăn hết trong ngày, uống với nước sôi. Điều trị liên tục 3 tháng.","Lợi tiểu, tan sỏi.","","","","",""
67,"CHỮA BỆNH SỎI CƠ QUAN TIẾT NIỆU","QUẢ BẦU NẤU VỚI ĐƯỜNG","Bệnh sỏi bộ máy tiết niệu.","Mỗi lần dùng 500gr quả bầu, rửa sạch, để vỏ, thái miếng. Cho nước vào nấu chín nhừ, cho một ít đường phèn vào quấy đều. Ăn cả nước lẫn cái.","Thanh nhiệt, lợi tiểu, tan sỏi.","","","","",""
67,"CHỮA BỆNH SỎI CƠ QUAN TIẾT NIỆU","QUẢ KHẾ SẮC VỚI ĐƯỜNG","Bệnh sỏi bàng quang.","Mỗi lần dùng 3 - 5 quả khế tươi, cắt thành miếng nhỏ. Cho vào 3 bát nước, sắc lấy 1 bát rưỡi, bỏ bã. Cho mật ong vào quấy đều, uống hết trong 1 lần.","Thanh nhiệt, giải độc, lợi tiểu, tan sỏi.","","","","",""
67,"CHỮA BỆNH SỎI CƠ QUAN TIẾT NIỆU","RÂU NGÔ NẤU VỚI THỊT TRAI BIỂN","Bệnh sỏi bộ máy tiết niệu.","Mỗi lần dùng 30 - 60gr râu ngô, 50- 100gr thịt trai. Ninh nhừ, ăn cái, uống nước. Mỗi ngày ăn 1 lần. Thường điều trị 2 - 3 lần thấy có hiệu quả ngay.","","","","","",""
67,"CHỮA BỆNH SỎI CƠ QUAN TIẾT NIỆU","BỘT DẾ MÈN UỐNG VỚI RƯỢU","Bệnh sỏi bộ máy tiết niệu.","Lấy 7 con dế mèn, sao vàng, tán nhỏ, chia làm 3 phần, uống với rượu. Mỗi ngày 1 thang.","","","","","",""
67,"CHỮA BỆNH SỎI CƠ QUAN TIẾT NIỆU","DẾ MÈN UỐNG VỚI NƯỚC KIM TIỀN THẢO","Bệnh sỏi bộ máy tiết niệu.","Dế mèn 10 con, sao vàng, tán nhỏ. 30gr kim tiền thảo sắc lấy nước. Hai thứ hòa vào nhau, chia làm 2 lần uống hết trong ngày.","","","","","",""
67,"CHỮA BỆNH SỎI CƠ QUAN TIẾT NIỆU","UỐNG BỘT BỌ HUNG","Bệnh sỏi bộ máy tiết niệu.","Xác con bọ hung, sao vàng, tán nhỏ. Mỗi ngày dùng 2gr, uống làm 2 - 3 lần.","","","","","",""
67,"CHỮA BỆNH SỎI CƠ QUAN TIẾT NIỆU","SẠN TRONG ĐẦU CÁ VỚI NƯỚC CAM THẢO","Bệnh sỏi máy tiết niệu.","Sạn đá trong đầu cá, tán nhỏ. Mỗi lần dùng 5 gr, mỗi ngày 3 lần. Uống với nước cam thảo. Hoặc lấy 15gr đương quy, 15gr sạn đá trong đầu cá, sắc kỹ lấy nước uống.","","","","","",""
67,"CHỮA BỆNH SỎI CƠ QUAN TIẾT NIỆU","MÀNG MỀ GÀ, KIM TIỀN THẢO, HẢI KIM THẢO","Bệnh sỏi bộ máy tiết niệu.","Màng mề gà 15gr, kim tiền thảo 20gr và hải kim thảo 20gr. Tất cả sắc kỹ lấy nước uống.","","","","","",""
68,"CHỮA BỆNH ĐÁI ĐƯỜNG","BÍ NGÔ","Bệnh đái đường.","Mỗi ngày dùng khoảng 250gr bí ngô, thái nhỏ, ninh nhừ. Ăn canh bí với cơm hoặc ăn riêng. Ăn liên tục 1 tháng trở lên. Chuyên gia y học của Nhật về bệnh đái đường cho rằng: \"Bí ngô là linh đan diệu dược (vị thuốc quý) để chữa bệnh đái đường...\". Ăn bí ngô lâu dài sẽ có kết quả rất tốt.","","","","","",""
68,"CHỮA BỆNH ĐÁI ĐƯỜNG","UỐNG 5 THỨ NƯỚC","Bệnh đái đường do phổi, dạ dày ráo, nóng, (bệnh trạng chủ yếu: \"3 nhiều, 1 ít\" (ăn nhiều, uống nhiều, đái nhiều, trọng lượng cơ thể giảm). Biểu hiện là khát nước dữ dội, uống nhiều nước, ăn nhiều chống đói, thân thể gầy còm, đái nhiều, liên tục, cổ họng khô, nóng miệng, lưỡi đỏ, mạch nhanh).","Rễ lau tươi, tuyết lê (bỏ vỏ), củ mã thầy (bỏ vỏ) và ngó sen lấy nước, trộn đều. Uống lạnh hoặc đun sôi uống nóng. Mỗi ngày uống nhiều lần.","Tăng lượng nước trong cơ thể, khỏi khát, giảm khô cổ.","","","","",""
68,"CHỮA BỆNH ĐÁI ĐƯỜNG","BỘT THIÊN HOA, BỘT MẠCH MÔN ĐÔNG","Bệnh đái đường do phổi dạ dày ráo nóng (bệnh trạng như trên).","Bột thiên hoa và bột mạch môn đông mỗi loại 15gr, thạch cao sống 30gr. Sắc lấy nước uống, thường xuyên thay nước chè.","Bổ âm, giảm ráo nóng, thanh nhiệt hạ hỏa.","Những người sau thời kỳ mắc bệnh đái đường, âm dương đều hư, không rõ nguyên nhân thì không được dùng bài thuốc này.","","","",""
68,"CHỮA BỆNH ĐÁI ĐƯỜNG","CAO QUẢ DÂU, THỤC ĐỊA, NGỌC TRÚC...","Bệnh đái đường do thận âm đều hư (bệnh trạng: miệng khát, uống nhiều, đái nhiều, đái liên tục, lưng gối mỏi mệt, lục phủ ngũ tạng nóng, bồn chồn, miệng khô, lưỡi đỏ, mạch trầm, nhanh).","Quả dâu tươi chín kỹ 2.500 gr, ép lấy nước; thục địa, ngọc trúc và hoàng tinh mỗi thứ 50 gr, Bột thiên hoa 50g. Trước hết cho thục địa, ngọc trúc, hoàng tinh vào ngâm trong nước sôi, đem nhỏ lửa, sắc lấy 500 ml nước. Cho bột thiên hoa và nước quả dâu vào. Tiếp tục đun nhỏ lửa cho đến khi đặc sệt thành cao là được. Mỗi lần uống 30 ml, mỗi ngày 3 lần.","Bổ âm, bổ thận, sinh máu, giảm khát, kết quả rõ nhất đối với người bệnh âm thận đều hư.","Những người hư hàn, ỉa lỏng không dùng bài thuốc này.","","","",""
68,"CHỮA BỆNH ĐÁI ĐƯỜNG","HẢI SÂM, TỤY LỢN NẤU VỚI TRỨNG GÀ","Bệnh đái đường do thận âm đều hư (bệnh trạng như trên).","Dùng Hải Sâm, tụy lợn và 1 quả trứng gà. Trước hết đem hải sâm ngâm kỹ, thái mỏng. Cho nước vừa đủ, ninh hải sâm với tụy lợn, sau khi hải sâm, tụy lợn đã nhừ, đập 1 quả trứng vào, cho vào ít dầu ăn, quấy đều. Mỗi ngày ăn 1 lần. Ăn vào 2 bữa cơm cũng được.","Bổ thận, bổ máu, giảm nóng.","","","","",""
68,"CHỮA BỆNH ĐÁI ĐƯỜNG","CHÁO HOÀNG KỲ, SƠN DƯỢC","Bệnh đái đường do âm dương đều hư (bệnh trạng như trên).","Hoàng kỳ 30 gr, sơn dược 60 gr tán nhỏ. Trước hết đem hoàng kỳ sắc lấy nước, bỏ bã, cho bột củ từ vào nấu thành cháo. Mỗi ngày ăn 1 - 2 lần.","Ích khí, sinh huyết, kiện tỳ, bổ thận. Cũng có tác dụng chữa chứng thận, tỳ đều hư kéo dài.","Người bị ngoại cảm, sốt, không được dùng bài thuốc này.","","","",""
68,"CHỮA BỆNH ĐÁI ĐƯỜNG","CÂU KỶ HẦM THỊT THỎ","Bệnh đái đường do âm dương đều hư","câu kỷ 15 gr, thịt thỏ 250 gr. Cho nước vừa đủ, đun nhỏ lửa cho đến khi thịt nhừ, cho vào một ít muối. Mỗi ngày ăn 1 lần.","Bổ dưỡng gan thận, bổ tỳ, bổ âm, dương. Phù hợp chữa bệnh đái đường do gan thận đều viêm.","Những người phổi, dạ dày ráo, nóng không được dùng bài thuốc này.","","","",""
68,"CHỮA BỆNH ĐÁI ĐƯỜNG","CANH NGỌC DỊCH","Bệnh đái đường do âm, dương đều hư","Bột sơn dược tươi 30 gr, bột thiên hoa, tri mẫu mỗi thứ 15 gr; bột màng mề gà tươi, ngũ vị tử, bột sắn dây, mỗi thứ 10 gr; hoàng kỳ 20 gr. Trước hết cho hoàng kỳ, tri mẫu, ngũ vị tử vào 500 ml, sắc lấy 300 ml bỏ bã, cho bột sơn dược, sắn dây, thiên hoa màng mề gà vào nước lạnh, quấy đều thành cháo thật đặc. Mỗi lần ăn 100 ml, mỗi ngày 3 lần.","Bài thuốc này là liều thuốc quý giúp tăng cường nguyên khí, giảm khát.","Những người phổi, dạ dày ráo, nóng không dùng được.","","","",""
68,"CHỮA BỆNH ĐÁI ĐƯỜNG","CÁ DIẾC HẤP VỚI CHÈ XANH","Bệnh đái đường (bệnh trạng xem \"3 nhiều 1 ít\")","Cá diếc còn sống 500 gr, bỏ mật, rửa sạch cho 10 gr chè xanh vào bụng cá, hấp chín, không cho muối. Mỗi ngày ăn một lần.","Bổ hư, giảm khát.","","","","",""
68,"CHỮA BỆNH ĐÁI ĐƯỜNG","CHÁO TỤY LỢN VỚI Ý DĨ...","Bệnh đái đường (bệnh trạng xem \"3 nhiều 1 ít\")","Tụy lợn thái nhỏ, dùng 2 chiếc tụy lợn, sao khô, tán nhỏ. Mỗi lần ăn 10 gr, mỗi ngày 3 lần, uống với nước sôi. Cháo tụy lợn với ý dĩ: Dùng 1 tụy lợn, 60 gr ý dĩ nấu nhừ thành cháo, cho vào một ít muối, ăn vào 2 bữa cơm. Tụy lợn hầm với hoàng kỳ: Dùng 1 tụy lợn, 30 gr hoàng kỳ, nấu chín, cho vào một ít muối. Ăn tụy lợn, uống nước.","Tụy lợn cùng ý dĩ có tác dụng kiện tỳ, giảm đường. Thêm hoàng kỳ có công dụng giảm đường, bổ khí huyết. Bài thuốc trên có thể dùng riêng hoặc dùng phối hợp.","","","","",""
68,"CHỮA BỆNH ĐÁI ĐƯỜNG","HOÀNG KỲ UỐNG VỚI BỘT TỤY LỢN, SINH ĐỊA, SƠN DƯỢC...","Bệnh đái đường (bệnh trạng: uống nhiều, ăn nhiều, đái nhiều, trọng lượng cơ thể giảm sút).","Hoàng kỳ, sơn thù du mỗi loại 20 gr, sinh địa, sơn dược mỗi loại 30gr, tụy lợn 5 chiếc (sao khô, tán nhỏ): 4 vị thuốc sắc kỹ, mỗi lần cho vào 10 gr bột tụy lợn. Mỗi ngày uống 3 lần. Bài thuốc này dùng thí nghiệm nhiều lần thấy có kết quả rất tốt. Nhưng phải dùng thường xuyên. Không phải kiêng kỵ gì. Bệnh đái đường các dạng đều dùng được.","","","","","",""
68,"CHỮA BỆNH ĐÁI ĐƯỜNG","NƯỚC CỦ ẤU","Bệnh đái đường.","Dùng 1000 gr củ ấu, rửa sạch, sắc lấy nước (lấy 1 bát nước). Chia làm 2, uống hết trong ngày vào 2 buổi sáng, chiều. Điều trị liên tục trong 3 ngày. Sau đó mỗi tuần 1 lần, liên tục 7 - 8 lần. Bệnh nhẹ có thể khỏi. Bệnh nặng có thể được khống chế. Người bệnh cơ thể suy nhược, điều trị 7 - 8 lần, có thể xuất hiện cảm giác khó chịu, đường trong máu giảm quá thấp, thì có thể uống ngay 250 gr đường sẽ khỏi tức thì.","","","","","",""
68,"CHỮA BỆNH ĐÁI ĐƯỜNG","ĂN TỤY LỢN","Miệng khát, đái nhiều, hay đói, gầy gò, mảnh khảnh.","Dùng 1 chiếc tụy lợn, thái nhỏ, nấu chín kỹ, ăn vào 2 buổi sáng, chiều.","","","","","",""
68,"CHỮA BỆNH ĐÁI ĐƯỜNG","CHÁO TỤY Lợn, HOÀI SƠN...","Bệnh khát nước, đái nhiều, hay đói, gầy gò.","Tụy lợn 1 chiếc, hoài sơn 100 gr, hạt kê 100 gr. Tất cả đem nấu thành cháo. Ăn vào buổi sáng. Ăn liên tục nhiều ngày.","Khỏi khát, giảm đái nhiều.","","","","",""
68,"CHỮA BỆNH ĐÁI ĐƯỜNG","CHÁO ĐẬU XANH","Bệnh khát nước, đái nhiều, hay đói, gầy gò.","Dùng 200 gr đậu xanh, nấu thành cháo ăn.","Giảm khát, khỏi đái nhiều.","","","","",""
68,"CHỮA BỆNH ĐÁI ĐƯỜNG","RUỘT LỢN NẤU VỚI HẠT QUẢ DỨA DẠI","Bệnh \"3 nhiều, 1 thiếu\" (uống nhiều nước, ăn nhiều, đái nhiều; trọng lượng cơ thể giảm); đái đường lượng đường trong máu cao.","Dùng 9 hạt quả dứa dại, 1 khúc ruột già lợn (thái nhỏ). Ninh nhừ. Ăn cả nước lẫn cái.","","","","","",""
68,"CHỮA BỆNH ĐÁI ĐƯỜNG","THƯỜNG XUYÊN ĂN LÊ","Bệnh khát nước, đái nhiều, bụng luôn đói.","Thường xuyên ăn quả tuyết lê. Sau mỗi bữa cơm, ăn 1 - 2 quả lê.","","","","","",""
68,"CHỮA BỆNH ĐÁI ĐƯỜNG","VỊT HẦM VỚI SA SÂM, NGỌC TRÚC","Bệnh đái đường ở người cao tuổi.","Mỗi lần dùng 1 con vịt, sa sâm và ngọc trúc mỗi thứ 45 gr. Vịt làm sạch lông, bỏ mật cho vào ninh với sa sâm, ngọc trúc trong khoảng trên 1 tiếng, cho gia vị. Ăn thịt, uống nước.","Giảm khát, giảm lượng đường trong máu.","","","","",""
68,"CHỮA BỆNH ĐÁI ĐƯỜNG","CÁ NHÁM NẤU VỚI RÂU NGÔ","Bệnh đái đường lượng đường trong máu cao.","Mỗi lần dùng 25 gr, 250 gr thịt cá nhám (cá mập). Nấu chín kỹ. Ăn thịt cá, uống nước.","Giảm lượng đường trong máu.","","","","",""
68,"CHỮA BỆNH ĐÁI ĐƯỜNG","THỊT LỢN NẠC NẤU VỚI MƯỚP ĐẮNG","Bệnh đái đường.","Dùng 250 gr mướp đắng tươi (loại mướp đắng vỏ trắng càng tốt), 100 gr thịt lợn nạc. Nấu chín kỹ, ăn mỗi ngày 1 lần. Điều trị liên tục từ 1 tháng đến 1 tháng rưỡi là một đợt; điều trị nhiều đợt.","Giảm lượng đường trong máu.","","","","",""
68,"CHỮA BỆNH ĐÁI ĐƯỜNG","TỤY LỢN NẤU VỚI HOÀI SƠN, ĐẬU PHỤ","Bệnh đái đường.","Tụy lợn 1 chiếc, hoài sơn 150 gr hoặc đậu phụ 250gr. Nấu chín kỹ, làm thức ăn, ăn với cơm. Ăn vào 2 buổi sáng, chiều. Điều trị liên tục trong 1 tháng sẽ có kết quả.","","","","","",""
68,"CHỮA BỆNH ĐÁI ĐƯỜNG","THỔ PHỤC LINH HẦM XƯƠNG LỢN","Bệnh đái đường.","Có thể dùng 500 gr xương sống lợn, cho vào ninh nhừ lấy 3 bát nước, bỏ xương, vớt bỏ váng mỡ nổi. Cho 30- 50 gr phục linh vào nước xương, đun lấy 2 bát nước. Chia làm 2 lần, uống hết trong 2 ngày.","Giải khát, giảm lượng đường trong máu.","","","","",""
68,"CHỮA BỆNH ĐÁI ĐƯỜNG","VỊT HẦM VỚI HẠT KHIẾM THỰC","Bệnh đái đường.","Mỗi lần dùng 100 - 120 gr hạt khiếm thực, 1 con vịt to (làm sạch lông, bỏ ruột) cho khiếm thực vào trong bụng vịt. Đun nhỏ lửa, hầm kỹ trong 2 tiếng, cho vào 1 ít muối ăn. Ăn thịt, uống nước.","Giải khát, tiêu phù nề, giảm đường trong máu.","","","","",""
68,"CHỮA BỆNH ĐÁI ĐƯỜNG","VỊT HẦM VỚI ĐÔNG TRÙNG HẠ THẢO","Bệnh đái đường.","Mỗi lần dùng 1 con vịt đực to, làm sạch lông, bỏ ruột. Cho 15 gr đông trùng hạ thảo vào trong bụng con vịt. Hấp cách thủy, đến khi chín nhừ là ăn được.","Giải khát, giảm đường trong máu.","","","","",""
68,"CHỮA BỆNH ĐÁI ĐƯỜNG","THƯỜNG XUYÊN ĂN RAU CẢI BẮP","Bệnh đái đường.","Lấy 1 lượng vừa phải rau cải bắp tươi hoặc khô, nấu chín nhừ ăn. Những người mắc chứng về máu ăn cải bắp sống hoặc uống nước bắp cải sống rất tốt.","","","","","",""
68,"CHỮA BỆNH ĐÁI ĐƯỜNG","THỊT BA BA NẤU VỚI RÂU NGÔ","Bệnh đái đường do âm hư, gầy yếu, miệng khát, mệt mỏi.","Mỗi lần dùng 60 - 120 gr râu ngô tươi (khô thì dùng 30 - 60 gr), 1 con ba ba. Thoạt tiên thả ba ba vào nước sôi để ba ba bài tiết hết phân, nước đái. Mổ ba ba, bỏ ruột, đầu, chân, rửa sạch. Sau đó cho thịt, mai ba ba, râu ngô vào đun nhỏ lửa, ninh nhừ. Ăn thịt, uống nước.","Bổ hư, giải khát.","","","","",""
68,"CHỮA BỆNH ĐÁI ĐƯỜNG","TRỨNG GÀ NGÂM GIẤM","Bệnh đái đường, viêm gan, sa dạ dày, đau dạ dày, đau thần kinh, bệnh phong thấp.","Lấy 180 ml giấm (giấm làm bằng gạo), cho vào cối, sau đó ngâm trứng gà vào. Quả trứng gà ngâm trong giấm từ 36 - 48 tiếng, vỏ quả trứng bị hóa lỏng, còn 1 màng mỏng bọc lòng đỏ, lòng trắng trứng gà, quấy đều lòng đỏ, lòng trắng trứng gà, thành giấm trứng gà. 180 ml giấm trứng gà, chia làm 5 - 7 ngày uống hết, mỗi ngày uống 1 lần. Sáng sớm (lúc bụng đói) đun 26 - 36 ml giấm trứng pha thêm 2 - 3 lần nước sôi để nguội, một ít mật ong, quấy đều uống. Người bệnh nhẹ, mỗi đợt điều trị 1 tháng. Người bệnh nặng, mỗi đợt điều trị 2 tháng, uống liên tục. Công hiệu rất tốt. Bài thuốc này còn có tác dụng điều trị bệnh viêm gan, sa dạ dày, yếu dạ dày, đau thần kinh, phong thấp.","","","","","",""
68,"CHỮA BỆNH ĐÁI ĐƯỜNG","RỄ RAU CHÂN VỊT SẮC VỚI MÀNG MỀ GÀ","Bệnh đái đường nhẹ.","Rễ rau chân vịt 120 gr, màng mề gà khô 15gr. Nấu chín ăn vào lúc sáng sớm và lúc chiều.","Giải khát, giảm đường trong máu.","","","","",""
68,"CHỮA BỆNH ĐÁI ĐƯỜNG","TỤY LỢN NẤU VỚI SÒ BIỂN","Dùng làm món ăn bổ trợ chữa bệnh cho người mắc chứng đái đường.","Mỗi lần dùng 1 chiếc tụy lợn, 45 - 80gr sò biển. Trước hết đem thịt sò đã sấy khô rửa sạch, ngâm trong nước 20 phút, sau đó đun sôi trong 10 phút rồi cho tụy lợn vào, nấu chín kỹ. Ăn vào 2 bữa cơm.","Giải khát, điều hòa tiểu tiện, giảm đường trong máu.","","","","",""
68,"CHỮA BỆNH ĐÁI ĐƯỜNG","CỦ CẢI NẤU VỚI BÀO NGƯ","Bệnh đái đường.","Mỗi lần dùng 20 - 25gr bào ngư khô, 250 - 300 gr củ cải tươi (gọt vỏ), nấu chín kỹ. Cách ngày ăn 1 lần. Mỗi đợt điều trị 6 - 7 lần.","Giải khát, giảm đường trong máu.","","","","",""
68,"CHỮA BỆNH ĐÁI ĐƯỜNG","ĂN SƠN DƯỢC TRƯỚC BỮA CƠM","Bệnh đái đường.","Lấy củ sơn dược hấp chín. Mỗi lần ăn 90 - 120 gr sơn dược vào bữa cơm, sau đó ăn cơm bình thường. Ăn liên tục, tác dụng khống chế bệnh rất tốt.","","","","","",""
68,"CHỮA BỆNH ĐÁI ĐƯỜNG","TỤY LỢN NẤU VỚI NGÔ, HOÀI SƠN...","Bệnh đái đường.","Ngô 5gr, hoài sơn 15gr, Bắc hoàng kỳ 15gr, cho vào 2 bát nước, sắc lấy nửa bát. Cho vào 1 chiếc tụy lợn, nấu chín nhừ, chia làm 8 phần để ăn.","","","","","",""
69,"CHỮA TRỊ BỆNH BA-ZƠ-ĐÔ ĐƠN THUẦN VÀ TUYẾN GIÁP TRẠNG PHÁT TRIỂN QUÁ MỨC BÌNH THƯỜNG","RONG BIỂN, TẢO BIỂN","Bệnh ba-zơ-đô đơn thuần do khí uất, đờm ngưng (tuyến thể một bên hoặc 2 bên phía trước cổ sưng to, chạm vào mềm mà không đau. Khi tâm trạng tinh thần hoang mang do buồn thì khối u to thêm, có khi tâm trạng buồn phiền, đau vùng lườn, khó nuốt, ngoài ra, không có bệnh trạng toàn thân, bựa lưỡi trắng mỏng hoặc nhầy mỏng, mạch huyền, hoạt).","Rong biển, tảo biển mỗi loại 500gr rửa sạch, sấy khô, tán nhỏ. Mỗi lần uống 10gr, uống với nước sôi. Mỗi ngày uống 1 lần.","","Tảo biển bào chế không thể cùng uống với cam thảo được.","","","",""
69,"CHỮA TRỊ BỆNH BA-ZƠ-ĐÔ ĐƠN THUẦN VÀ TUYẾN GIÁP TRẠNG PHÁT TRIỂN QUÁ MỨC BÌNH THƯỜNG","SỨA BIỂN TRỘN VỚI ĐƯỜNG, GIẤM","Bệnh ba-zơ-đô đơn thuần.","Sứa biển 50gr, ngâm với nước sôi, cắt nhỏ, rửa sạch. Trộn sứa với đường, giấm, một ít muối, ăn nguội.","Thanh nhiệt, tiêu đờm.","","","","",""
69,"CHỮA TRỊ BỆNH BA-ZƠ-ĐÔ ĐƠN THUẦN VÀ TUYẾN GIÁP TRẠNG PHÁT TRIỂN QUÁ MỨC BÌNH THƯỜNG","CANH TẢO CAO (TÁO ĐỎ, RAU CAO)","Bệnh ba-zơ-đô đơn thuần.","Tảo cao khô 20gr, rửa sạch, cho dầu vừng, muối, mì chính, nấu chín kỹ. Ăn vào 2 bữa cơm. Hoặc đun tảo cao nấu với 100gr thịt lợn nạc, ăn với cơm.","","","","","",""
69,"CHỮA TRỊ BỆNH BA-ZƠ-ĐÔ ĐƠN THUẦN VÀ TUYẾN GIÁP TRẠNG PHÁT TRIỂN QUÁ MỨC BÌNH THƯỜNG","CAO HẠ KHÔ THẢO (RAU CẢI TRỜI)","Bệnh tuyến giáp phát triển quá mức bình thường do hỏa uất, âm hư (bệnh trạng: mặt đỏ, thân thể gầy còm, sợ nóng, nhiều mồ hôi, hay bực bội dễ cáu gắt, ăn nhiều, mau đói, tim đập mạnh, váng đầu, đêm ngủ không yên, lưỡi đỏ, bựa lưỡi rộp, mạch huyền, vi, nhanh).","Hạ khô thảo 100gr, sa sâm, mạch môn đông, sinh địa, nguyên sâm mỗi thứ 30gr, tảo biển 50gr. Sắc 2 lần, lấy 2 nước khoảng 500ml, cho vào 100ml mật ong, cô đặc thành cao. Mỗi lần uống 20ml, mỗi tháng uống 3 lần.","","Những người mật, dạ dày hư hàn, ỉa chảy không được dùng bài thuốc này.","","","",""
69,"CHỮA TRỊ BỆNH BA-ZƠ-ĐÔ ĐƠN THUẦN VÀ TUYẾN GIÁP TRẠNG PHÁT TRIỂN QUÁ MỨC BÌNH THƯỜNG","CAO HOÀNG DƯỢC TỬ","Bệnh tuyến giáp trạng phát triển quá mức bình thường do hỏa uất, âm hư (bệnh trạng như trên).","Hoàng dược tử 20gr, sinh địa 50gr, xuyên bối mẫu 30gr. Sắc lấy 300ml nước, cho vào 100ml mật ong, cô đặc thành cao. Mỗi lần uống 10ml, mỗi ngày uống 2 - 3 lần.","","Bài thuốc này không được dùng cùng các vị có ô đầu, phụ tử.","","","",""
69,"CHỮA TRỊ BỆNH BA-ZƠ-ĐÔ ĐƠN THUẦN VÀ TUYẾN GIÁP TRẠNG PHÁT TRIỂN QUÁ MỨC BÌNH THƯỜNG","SẮC SAO BIỂN","Bệnh ba-zơ-đô đơn thuần.","Sao biển 50gr, sắc lấy nước uống.","","","","","",""
69,"CHỮA TRỊ BỆNH BA-ZƠ-ĐÔ ĐƠN THUẦN VÀ TUYẾN GIÁP TRẠNG PHÁT TRIỂN QUÁ MỨC BÌNH THƯỜNG","HẢI SÂM SẮC VỚI CÁ CHÌA VÔI...","Bệnh tuyến giáp trạng phát triển quá mức bình thường.","Dùng 10gr cá chìa vôi, hải sâm, hải mã mỗi thứ 3gr, sò biển 10gr. Nước vừa đủ, sắc lấy nước uống.","","","","","",""
69,"CHỮA TRỊ BỆNH BA-ZƠ-ĐÔ ĐƠN THUẦN VÀ TUYẾN GIÁP TRẠNG PHÁT TRIỂN QUÁ MỨC BÌNH THƯỜNG","TẢO BIỂN, RONG BIỂN NẤU VỚI ĐẬU TƯƠNG","Bệnh ba-zơ-đô đơn thuần.","Mỗi lần dùng rong biển, tảo biển mỗi thứ 30gr, đậu tương 150 - 200gr. Nấu chín kỹ, cho vào một ít nước hoặc đường, quấy đều. Ăn cả nước lẫn cái.","Tiêu phù, giảm đau.","Những người thường hay ăn thức ăn lạnh hoặc vị hàn (dạ dày lạnh) không được dùng bài thuốc này.","","","",""
69,"CHỮA TRỊ BỆNH BA-ZƠ-ĐÔ ĐƠN THUẦN VÀ TUYẾN GIÁP TRẠNG PHÁT TRIỂN QUÁ MỨC BÌNH THƯỜNG","SÒ BIỂN NẤU VỚI TUYẾN GIÁP TRẠNG LỢN","Bệnh ba-zơ-đô đơn thuần.","Mỗi lần dùng 30gr sò biển, tuyến giáp trạng lợn 1 - 2 bộ, nấu chín kỹ, lấy nước uống, không ăn tuyến giáp trạng.","Tiêu phù, giảm đau.","","","","",""
69,"CHỮA TRỊ BỆNH BA-ZƠ-ĐÔ ĐƠN THUẦN VÀ TUYẾN GIÁP TRẠNG PHÁT TRIỂN QUÁ MỨC BÌNH THƯỜNG","RONG BIỂN NẤU VỚI GIẤM","Bệnh ba-zơ-đô đơn thuần.","Mỗi lần dùng 120gr rong biển tươi (khô thì dùng 60gr), cho giấm vừa đủ, nấu chín ăn.","Tiêu phù, giảm đau.","Những người loét dạ dày, tá tràng, những người dạ dày dư a-xít không được dùng bài thuốc này. Bài thuốc này còn có tác dụng chữa trị phù nề, tràng nhạc.","","","",""
70,"CHỮA BỆNH TRÀNG NHẠC (HẠCH TUYẾN LIM PHA), BƯỚU CỔ","KIẾM HOA NẤU VỚI PHỔI LỢN","Viêm tuyến lim pha.","Mỗi lần dùng 25 - 30gr kiếm hoa khô hoặc 200 - 250gr kiếm hoa tươi, 250 - 300gr phổi lợn. Ninh nhừ từ 1 - 2 tiếng. Ăn cái, uống nước.","Giải độc, tiêu viêm.","","","","",""
70,"CHỮA BỆNH TRÀNG NHẠC (HẠCH TUYẾN LIM PHA), BƯỚU CỔ","THỊT MÈO HẤP VỚI LONG NHÃN, ĐẲNG SÂM","Hạch lim pha của trẻ em.","Mỗi lần dùng 15gr long nhãn, 30gr đẳng sâm, khoảng 150 - 250gr thịt mèo. Hấp cách thủy cho đến khi chín nhừ. Ăn cái, uống nước.","Thanh nhiệt, tan khối u.","","","","",""
70,"CHỮA BỆNH TRÀNG NHẠC (HẠCH TUYẾN LIM PHA), BƯỚU CỔ","ỐC SÊN NẤU VỚI THỊT LỢN NẠC","Bệnh tràng nhạc.","Bắt ốc sên, rửa sạch, để cả con ốc còn sống ngâm vào nước sôi, sau đó đập vỏ, lấy ruột, lại dùng nước sôi rửa sạch. Mỗi lần có thể dùng 60gr thịt ốc sên tươi (khô thì dùng 30gr), 100gr thịt lợn nạc. Nấu chín kỹ, cho gia vị vào ăn.","Bổ âm, thanh nhiệt, tiêu phù, giải độc. Bài thuốc còn có tác dụng điều trị bệnh viêm tuyến lim pha mạn tính.","Trẻ em tỳ hư, ỉa lỏng không được dùng bài thuốc này.","","","",""
70,"CHỮA BỆNH TRÀNG NHẠC (HẠCH TUYẾN LIM PHA), BƯỚU CỔ","CANH SỨA BIỂN, MÃ THẦY","Bệnh ho ra máu.","Sứa biển tươi 50gr, củ mã thầy 200gr. Sắc kỹ, lấy nước uống. Mỗi ngày uống 1 thang. Điều trị liên tục trong 1 tháng.","","","","","",""
70,"CHỮA BỆNH TRÀNG NHẠC (HẠCH TUYẾN LIM PHA), BƯỚU CỔ","SÒ BIỂN, TẢO BIỂN, RONG BIỂN","Bệnh tràng nhạc.","Sò biển tươi 50gr, tảo biển tươi 150gr, rong biển 15gr. Sắc kỹ lấy nước uống. Mỗi ngày uống 2 lần.","","","","","",""
70,"CHỮA BỆNH TRÀNG NHẠC (HẠCH TUYẾN LIM PHA), BƯỚU CỔ","HẠT DẺ, BÍ ĐAO","Viêm tuyến lim pha, tràng nhạc.","Mỗi lần dùng 20 - 40gr vỏ hạt dẻ, 30 - 60gr bí đao. Sắc lấy nước uống thường xuyên thay nước chè. Mỗi ngày uống 1 thang, thường uống liên tục 4 - 6 thang, có thể thấy hiệu quả.","Tan hạch, tiêu viêm.","","","","",""
70,"CHỮA BỆNH TRÀNG NHẠC (HẠCH TUYẾN LIM PHA), BƯỚU CỔ","RONG BIỂN NẤU VỚI ĐẬU XANH NƯỚC ĐƯỜNG","Viêm tuyến lim pha cổ.","Mỗi lần dùng 60gr rong biển, 150gr đậu xanh, một ít đường. Ninh nhừ thành cháo ăn.","Thanh nhiệt, tan hạch.","","","","",""
70,"CHỮA BỆNH TRÀNG NHẠC (HẠCH TUYẾN LIM PHA), BƯỚU CỔ","PHỔI LỢN HẦM VỚI QUẢ LA HÁN","Viêm tuyến lim pha cổ ở trẻ em.","Mỗi lần dùng 1/2 đến 1 quả la hán, 250gr phổi lợn. Trước hết đem phổi thái nhỏ, bóp hết bọt, rửa sạch, sau đó cho vào hầm với quả la hán, cho ít gia vị vào ăn cả nước lẫn cái.","Thanh nhiệt, tiêu đờm, nhuận phổi, tiêu viêm.","","","","",""
70,"CHỮA BỆNH TRÀNG NHẠC (HẠCH TUYẾN LIM PHA), BƯỚU CỔ","CANH THỊT LỢN VỚI HOA BẠCH LAN","Viêm tuyến lim pha cổ.","Mỗi lần dùng 30gr hoa bạch lan, 150gr thịt lợn nạc. Nấu chín kỹ, cho vào canh 1 ít muối, gia vị. Ăn thịt, uống nước.","Thanh nhiệt, giải độc, tiêu viêm.","","","","",""
70,"CHỮA BỆNH TRÀNG NHẠC (HẠCH TUYẾN LIM PHA), BƯỚU CỔ","LƯƠNG PHẤN THẢO SẮC VỚI SẮN DÂY","Bệnh viêm tuyến lim pha ở trẻ em.","Mỗi ngày dùng 60gr lương phấn thảo, 120gr sắn dây. Cho vào 6 bát nước, sắc lấy 1 bát, bỏ bã, cho một ít đường vào uống 1 lần trong ngày.","Mát, giải độc, tan đờm, tiêu viêm.","","","","",""
70,"CHỮA BỆNH TRÀNG NHẠC (HẠCH TUYẾN LIM PHA), BƯỚU CỔ","SÒ HẤP VỚI GAN GÀ","Bệnh tràng nhạc.","Sò sấy khô, tán nhỏ, mỗi lần dùng 6 - 9gr, trộn đều với 1 - 2 lá gan gà. Hấp cách thủy. Ăn hết trong 1 lần.","Thanh nhiệt, tan hạch.","","","","",""
70,"CHỮA BỆNH TRÀNG NHẠC (HẠCH TUYẾN LIM PHA), BƯỚU CỔ","RONG BIỂN NẤU VỚI GIẤM","Bệnh tràng nhạc.","Mỗi lần dùng 60gr rong biển khô (tươi thì dùng 120gr). Cho giấm vừa đủ, nấu chín ăn.","Thanh nhiệt, tan hạch, tiêu phù.","","","","",""
70,"CHỮA BỆNH TRÀNG NHẠC (HẠCH TUYẾN LIM PHA), BƯỚU CỔ","CHÁO TRỨNG VỊT, SÒ","Bệnh tràng nhạc.","Mỗi lần dùng 2 quả trứng vịt muối, 60 - 100gr sò biển, gạo tẻ vừa đủ, nấu thành cháo, ăn hết trong ngày.","Thanh nhiệt, hạ hỏa, tan hạch.","","","","",""
70,"CHỮA BỆNH TRÀNG NHẠC (HẠCH TUYẾN LIM PHA), BƯỚU CỔ","CANH TUYẾN GIÁP TRẠNG DÊ HOẶC LỢN VỚI MÃ THẦY","Bệnh bướu cổ, thời kỳ bệnh nặng, tim đập mạnh, thở dốc.","Tuyến giáp trạng lợn hoặc dê 1 bộ, mã thầy 500gr. Nấu chín kỹ. Ăn cái, uống nước.","","","","","",""
70,"CHỮA BỆNH TRÀNG NHẠC (HẠCH TUYẾN LIM PHA), BƯỚU CỔ","CANH SÒ, RONG BIỂN","Bệnh bướu cổ, thời kỳ bệnh nặng, tim đập mạnh, thở dốc.","Sò 100gr, rong biển 50gr. Nấu chín kỹ. Ăn cái, uống nước.","","","","","",""
70,"CHỮA BỆNH TRÀNG NHẠC (HẠCH TUYẾN LIM PHA), BƯỚU CỔ","CANH TẢO ĐỎ, CỦ CẢI, TRẦN BÌ","Bệnh bướu cổ thời kỳ bệnh nặng, tim đập mạnh, thở dốc.","Tảo đỏ 50gr, 1 củ cải, 1 miếng trần bì, sắc lấy nước uống.","","","","","",""
70,"CHỮA BỆNH TRÀNG NHẠC (HẠCH TUYẾN LIM PHA), BƯỚU CỔ","MAI CÁ MỰC, TẢO BIỂN","Bệnh bướu cổ.","Mai cá mực 12gr, tảo biển, rong biển, bột sò biển vừa đủ. Sắc lấy nước uống. Có thể chế thành thuốc viên. Có thể thay rong biển bằng ốc biển. Bài thuốc này cũng có thể dùng chữa bệnh ba-zơ-đô, bệnh khối u tuyến giáp trạng.","","","","","",""
70,"CHỮA BỆNH TRÀNG NHẠC (HẠCH TUYẾN LIM PHA), BƯỚU CỔ","CON GIÁN ĐẤT NẤU VỚI HOA KIM NGÂN","Bệnh bướu cổ.","Con gián đất, hoa kim ngân mỗi thứ 1.000gr, nhân táo, nhân đào mỗi thứ 500gr, hạt mã tiền 250gr, băng phiến 30gr, nước gan lợn 750gr. Trừ nước gan lợn ra, còn các vị thuốc trên đều đem sao khô tán nhỏ. Nước gan lợn đun sôi trong 1 tiếng, cho 8 vị thuốc trên và mật ong vào quấy đều, cô đặc, chế thành thuốc viên. Mỗi viên khoảng 2,5gr. Hàng ngày, mỗi buổi sáng, chiều ăn 1 viên.","","","","","",""
71,"CHỮA BỆNH QUAI BỊ","DẦU VỪNG RÁN BỌ CẠP","Bệnh quai bị.","Dùng dầu vừng rán bọ cạp. Mỗi lần ăn 1 con. Mỗi ngày 2 lần. Ăn liên tục trong 2 ngày.","","","","","",""
71,"CHỮA BỆNH QUAI BỊ","ĐẬU XANH NẤU VỚI BÚP RAU CẢI TRẮNG","Bệnh quai bị.","Dùng 100gr đậu xanh, ninh nhừ, cho vào 2- 3 búp cải trắng, đun tiếp 20 phút là ăn được. Mỗi ngày ăn 1 - 2 lần. Ăn bữa phụ hoặc bữa chính.","Giải độc, tiêu viêm.","","","","",""
72,"CHỮA BỆNH MẤT NGỦ","TÂM SEN HÃM VỚI CAM THẢO","Chứng mất ngủ do tâm hỏa nóng trong (bệnh trạng: tim đập mạnh, mất ngủ, bực bội bồn chồn, đái ít, nước đái đỏ, lưỡi đỏ, bựa lưỡi ít).","Tâm sen 2gr, cam thảo tươi 3gr, hãm với nước sôi. Uống thay nước chè, mỗi ngày uống nhiều lần.","- Thanh tâm, an thần, hạ huyết áp. Chữa trị chứng mất ngủ do tâm hỏa, nóng trong, bồn chồn, bực bội.","","","","",""
72,"CHỮA BỆNH MẤT NGỦ","BÁCH HỢP VỚI NƯỚC ĐƯỜNG","Bệnh mất ngủ do tâm hỏa, nóng trong (bệnh trạng như trên).","Bách hợp tươi 100gr, cho vào 500ml nước, đun nhỏ lửa, sau khi chín nhừ cho vào một ít đường trắng. Chia làm 2 ăn hết trong ngày.","Chữa chứng mất ngủ do tâm hỏa, âm hư, sau khi ốm vẫn còn sốt.","Những người gan ráo nóng, ho khan đờm có máu cũng dùng chữa có hiệu quả.","","","",""
72,"CHỮA BỆNH MẤT NGỦ","ĐAN SÂM, ĐƯỜNG PHÈN","Chứng mất ngủ do tâm hỏa, nóng trong (bệnh trạng như trên).","Đan sâm 30gr, nước 300ml. Sắc lấy 200ml, bỏ bã, lấy nước. Cho đường phèn lượng vừa đủ, quấy tan. Mỗi lần uống 30ml. Mỗi ngày 2 lần.","","Những người mất ngủ kéo dài do buồn phiền. Những người tim, thận không bình thường không được dùng bài thuốc này.","","","",""
72,"CHỮA BỆNH MẤT NGỦ","CHÁO NHÂN TÁO","Chứng mất ngủ do tâm tỳ đều hư (bệnh trạng: yếu tim, mất ngủ, hay nằm mơ, dễ tỉnh ngủ, da xanh xao, cơ thể yếu, gầy còm, ăn ít, trướng bụng, nhạt miệng, mạch trầm vi nhược).","Lấy 50gr nhân táo chua đập dập sắc lấy nước đặc, bỏ bã. Cho nước vừa đủ vào 100gr gạo, nấu thành cháo. Khi cháo chín, cho nước sắc nhân táo vào, quấy đều, đun sôi lên là được. Ăn nhạt, hoặc có thể cho vào 1 ít đường.","Chữa chứng mất ngủ, thần kinh suy nhược.","Những người mất ngủ do gan nóng, tà nhiệt sinh ra thì không được dùng bài thuốc này.","","","",""
72,"CHỮA BỆNH MẤT NGỦ","CANH HOÀNG LIÊN, CAO A GIAO, TRỨNG GÀ","Chứng mất ngủ do tim, thận yếu (bệnh trạng: Bồn chồn, mất ngủ, di tinh, ra mồ hôi trộm, lưỡi đỏ, mạch vi, nhanh).","Hoàng liên 5gr, bạch truật tươi 10gr, sắc lấy 100ml nước, bỏ bã. Hòa tan Cao A Giao, trộn với 100ml nước hoàng liên, bạch truật thành 300ml. Đun sôi, cho 2 lòng đỏ trứng gà vào, quấy đều. Ăn vào buổi tối, trước khi đi ngủ.","","Những người tỳ, thận hư hàn không được dùng bài thuốc này.","","","",""
72,"CHỮA BỆNH MẤT NGỦ","CAO NGŨ VỊ TỬ","Chứng mất ngủ do tim, thận đều hư (bệnh trạng như trên).","Ngũ vị tử 250gr, ngâm nước nửa ngày. Ninh nhừ, bỏ bã, cô đặc, cho mật ong vào quấy đều. Mỗi lần ăn 20ml. Mỗi ngày ăn 2-3 lần.","Điều hòa hệ thống thần kinh trung ương. Chữa trị chứng mất ngủ do thần kinh suy nhược. Chứng viêm gan mạn tính, cấp tính.","","","","",""
72,"CHỮA BỆNH MẤT NGỦ","QUẶNG MA-NHÊ-TIT, GẠO TẺ","Bệnh mất ngủ của người cao tuổi (bệnh trạng: người cao tuổi thận hư, tim đập mạnh, mất ngủ, tai ù, nghễnh ngãng, hoa mắt, nhức đầu).","Dùng 60gr ma-nhê-tit, tán nhỏ, cho nước đun sôi trong 1 tiếng, gạn bỏ bã, lấy nước. Dùng 1 quả cật lợn, mổ quả cật, rửa sạch, thái nhỏ. Lấy 100gr gạo tẻ, quả cật lợn cho vào nước quặng ma-nhê-tit nấu thành cháo.","Bổ thận, an thần.","","","","",""
72,"CHỮA BỆNH MẤT NGỦ","HẠT SEN, BÁCH HỢP NẤU VỚI LONG NHÃN","Chữa chứng mất ngủ.","Hạt sen 10gr, long nhãn 10gr, bách hợp 10gr, ngũ vị tử 9gr đổ nước nấu lên ăn.","Giảm buồn phiền, khỏi mất ngủ.","","","","",""
72,"CHỮA BỆNH MẤT NGỦ","HẠT SEN TRẮNG","Chứng mất ngủ, ngủ không yên giấc, hoặc khó ngủ.","Hạt sen trắng 150gr. Ninh nhừ. Ăn liên tục nhiều lần.","Tĩnh tâm, khỏi mất ngủ.","","","","",""
72,"CHỮA BỆNH MẤT NGỦ","VỪNG ĐEN, NHÂN HẠT ĐÀO... HOÀN","Chứng mất ngủ do gan, thận yếu.","Vừng đen, nhân quả đào, câu kỷ tử, ngũ vị tử trộn với mật ong, chế biến thành thuốc viên, mỗi viên khoảng 10gr. Mỗi lần uống 1 viên. Mỗi ngày 3 lần. Uống với nước sôi lúc chưa ăn cơm.","Bổ thận, gan, khỏi mất ngủ.","","","","",""
72,"CHỮA BỆNH MẤT NGỦ","THỊT RÙA NẤU VỚI BÁCH HỢP, TÁO TÀU","Bệnh mất ngủ.","Thịt rùa khoảng 250gr, bách hợp 30gr, táo tàu 10 quả. Ninh nhừ. Ăn cả nước lẫn cái.","Hết buồn phiền, khỏi mất ngủ.","","","","",""
72,"CHỮA BỆNH MẤT NGỦ","SÒ BIỂN TƯƠI NẤU VỚI THỊT LỢN NẠC","Bệnh mất ngủ.","Mỗi lần dùng 150gr sò biển tươi, 100gr thịt lợn nạc. Nấu chín kỹ, cho vào một ít muối. Ăn vào 2 bữa cơm.","Bổ huyết, tĩnh tâm, khỏi mất ngủ.","","","","",""
72,"CHỮA BỆNH MẤT NGỦ","CỒI BIỂN (SÒ, HẾN KHÔ) NẤU VỚI THỊT LỢN NẠC","Bệnh mất ngủ.","Mỗi lần dùng 30 - 50gr sò, hến khô, 200gr thịt lợn nạc. Nấu chín kỹ. Ăn vào 2 bữa cơm.","Bổ thận, an thần.","","","","",""
72,"CHỮA BỆNH MẤT NGỦ","VỊT HẤP ĐÔNG TRÙNG HẠ THẢO","Bệnh mất ngủ.","Mỗi lần dùng 1 con vịt, làm sạch lông, bỏ ruột, rửa sạch. Lấy 10 - 12gr đông trùng hạ thảo cho vào trong bụng vịt. Hấp cách thủy cho đến khi chín nhừ, cho vào 1 ít muối. Ăn thịt, uống nước.","Mát, bổ tim, thận, khỏi mất ngủ.","","","","",""
72,"CHỮA BỆNH MẤT NGỦ","QUẢ DÂU NẤU VỚI ĐƯỜNG","Bệnh mất ngủ.","Mỗi lần dùng 60gr quả dâu chín đỏ, tươi. Cho vào 2 bát nước, sắc lấy 1 bát. Cho vào 1 ít đường trắng, hoặc đường phèn, quấy đều, bỏ bã, uống nước.","Bổ âm, khỏi mất ngủ.","","","","",""
72,"CHỮA BỆNH MẤT NGỦ","NHÂN QUẢ ĐÀO TRỘN VỚI MẬT ONG","Bệnh mất ngủ.","Mỗi lần dùng 5 - 8 quả đào (bỏ vỏ lấy nhân), ngũ vị tử 2 - 3gr, rửa sạch trộn đều với mật ong.","Bổ thận, khỏi mất ngủ.","","","","",""
72,"CHỮA BỆNH MẤT NGỦ","GAN LỢN HẤP VỚI HOA DẠ HỢP","Bệnh mất ngủ.","Mỗi lần dùng từ 10 - 12gr hoa dạ hợp khô, ngâm vào nước sôi từ 4 - 6 tiếng, vớt ra cho vào 100 - 150gr gan lợn thái miếng. Hấp cách thủy.","Bổ gan, an thần, giải phiền.","","","","",""
72,"CHỮA BỆNH MẤT NGỦ","NƯỚC QUẢ DÂU HÒA MẬT ONG","Bệnh thần kinh suy nhược.","Lấy quả dâu tươi, chín đỏ ép lấy nước. Đun nhỏ lửa, cô đặc, hòa mật ong vào, quấy đều, để nguội ăn dần. Mỗi ngày uống 2 thìa vào lúc sáng, chiều. Uống với nước sôi.","","","","","",""
72,"CHỮA BỆNH MẤT NGỦ","","","Mỗi lần dùng 1 bộ óc lợn, 30gr hoài sơn, 10gr kỷ tử. Sắc kỹ lấy nước uống.","Bổ dưỡng cơ thể, an thần.","","","","",""
72,"CHỮA BỆNH MẤT NGỦ","THƯỜNG XUYÊN ĂN ĐẬU TƯƠNG VÀ THỰC PHẨM CHẾ BIẾN TỪ ĐẬU TƯƠNG","Suy nhược thần kinh.","Thường xuyên ăn đậu tương và các loại thực phẩm chế biến bằng đậu tương.","Có tác dụng bổ sung dinh dưỡng, bồi dưỡng cơ thể; chữa thần kinh suy nhược.","","","","",""
72,"CHỮA BỆNH MẤT NGỦ","THỊT MÈO, LONG NHÃN, ĐẲNG SÂM HẤP CÁCH THỦY","Thần kinh suy nhược.","Mỗi lần dùng 15gr long nhãn, 30gr đẳng sâm, 150 - 250gr thịt mèo. Hấp cách thủy. Ăn cái, uống nước.","","","","","",""
72,"CHỮA BỆNH MẤT NGỦ","CANH HÀNH, TÁO TÀU","Thần kinh suy nhược.","Dùng 20 quả táo rửa sạch ngâm nước cho nở, đun sôi trong 20 phút, cho vào 7 củ hành, đun nhỏ lửa trong 10 phút. Ăn cái, uống nước.","","","","","",""
72,"CHỮA BỆNH MẤT NGỦ","ĐƯƠNG QUY, ĐẲNG SÂM, SƠN DƯỢC, CẬT LỢN","Suy nhược thần kinh.","Quả cật lợn 500gr, bổ ra, bỏ cơ mô tuyến hôi, rửa sạch. Cho đương quy, đẳng sâm, sơn dược, mỗi thứ 10gr vào lượng nước vừa đủ. Hầm kỹ cho thuốc ngấm vào quả cật. Vớt quả cật ra, để nguội, thái mỏng, trộn đều với xì dầu, giấm, gừng, tỏi băm nhỏ, dầu vừng. Ăn vào 2 bữa cơm.","Điều hòa âm dương.","","","","",""
72,"CHỮA BỆNH MẤT NGỦ","UỐNG MẬT ONG, TRỨNG GÀ VỚI NƯỚC SÔI","Bệnh giảm trí nhớ, hay quên.","Mật ong 50gr, lòng trắng trứng gà 1 quả, quấy đều, uống với nước sôi. Hàng ngày uống 1 lần vào buổi sáng sớm. Điều trị liên tục 7 ngày.","","","","","",""
72,"CHỮA BỆNH MẤT NGỦ","QUẢ TỲ BÀ, TÁO NẤU VỚI TRỨNG GÀ","Thần kinh suy nhược.","Mỗi lần dùng 15 - 30gr quả tỳ bà (quả chua ngọt), 6 - 8 quả táo, 2 quả trứng gà. Cho vào nước, đun sôi. Khi trứng chín, vớt ra bóc bỏ vỏ, rồi cho trứng vào nước thuốc tiếp tục đun sôi kỹ. Ăn trứng, uống nước. Ăn 3 lần sẽ thấy hiệu quả.","Bổ khí huyết, an thần, khỏi mất ngủ.","","","","",""
72,"CHỮA BỆNH MẤT NGỦ","VỪNG GIÃ VỚI ĐƯỜNG TRẮNG","Thần kinh suy nhược.","Mỗi lần dùng 2 thìa vừng rang thơm, cho đường trắng vừa đủ, giã nát. Uống với nước sôi.","Tăng trí nhớ, an thần.","","","","",""
72,"CHỮA BỆNH MẤT NGỦ","THANG CAM THẢO, TIỂU MẠCH, TÁO TÀU","Thần kinh suy nhược.","Mỗi lần dùng 10gr cam thảo, 30gr tiểu mạch, 5 quả táo, cho vào 2 bát nước, sắc lấy 1 bát, bỏ bã, uống nước.","Bổ khí huyết, bổ tim, an thần.","","","","",""
72,"CHỮA BỆNH MẤT NGỦ","CÁ NHEO NẤU VỚI SƠN THÙ DU","Thần kinh suy nhược.","Mỗi ngày dùng 60gr sơn thù du tươi (nếu khô thì cần 5gr), 1 - 2 con cá nheo. Cho vào 3 bát nước, đun cạn còn 1 bát. Cho vào 1 ít muối, dầu ăn quấy đều. Ăn cái, uống nước.","Bổ máu, an thần.","","","","",""
72,"CHỮA BỆNH MẤT NGỦ","THỊT LỢN NẠC NẤU VỚI KHIẾM THỰC, HẠT SEN","Thần kinh suy nhược.","Mỗi lần dùng 50gr hạt sen, 50gr khiếm thực, 200gr thịt lợn nạc. Ninh nhừ, cho vào 1 ít muối. Ăn vào 2 bữa cơm.","Bổ thận, an thần.","","","","",""
72,"CHỮA BỆNH MẤT NGỦ","THỊT LỢN NẠC HẤP VỚI BỘT LINH CHI","Thần kinh suy nhược.","Mỗi lần dùng 3gr linh chi tán nhỏ, 100gr thịt lợn nạc băm nát. Trộn đều với nhau, cho vào ít xì dầu. Hấp cách thủy. Ăn vào 2 bữa cơm.","Tăng cường khí huyết, bổ âm, an thần.","","","","",""
72,"CHỮA BỆNH MẤT NGỦ","NỮ TRINH TỬ NGÂM RƯỢU","Thần kinh suy nhược.","Nữ trinh tử 250gr, rượu nếp 500ml. Ngâm 3- 4 tuần. Mỗi ngày uống 1 lần. Uống nhiều, ít tùy theo tửu lượng từng người.","Bổ thận, bổ âm, bổ máu, an thần.","","","","",""
72,"CHỮA BỆNH MẤT NGỦ","VỊT HẦM VỚI ĐÔNG TRÙNG HẠ THẢO","Thần kinh suy nhược.","Mỗi lần dùng 1 con vịt, làm sạch lông, bỏ ruột. Dùng 10 - 12gr đông trùng hạ thảo rửa sạch, cho vào bụng vịt. Hấp cách thủy. Cho vào 1 ít muối. Ăn thịt, uống nước.","Bổ tim, an thần.","","","","",""
72,"CHỮA BỆNH MẤT NGỦ","MẬT ONG UỐNG VỚI NƯỚC SÔI","Thần kinh suy nhược.","Lấy 1/2 chén mật ong (uống trước bữa ăn, uống lúc đói, uống với nước sôi), mỗi ngày uống 1 - 2 lần.","Chữa các chứng bệnh về chức năng thần kinh các loại, nhất là đối với phụ nữ.","","","","",""
72,"CHỮA BỆNH MẤT NGỦ","CAO QUẢ DÂU, MẬT ONG","Thần kinh suy nhược.","Chọn những quả dâu tươi, chín, ép lấy nước; đun nhỏ lửa, cô đặc. Cho mật ong (lượng vừa đủ), quấy đều, cô thành cao. Mỗi ngày uống 1 - 2 thìa vào buổi sáng, chiều với nước sôi.","Tăng cường khí huyết, an thần.","","","","",""
72,"CHỮA BỆNH MẤT NGỦ","CHÁO GẠO NẾP, TIỂU MẠCH","Thần kinh suy nhược.","Mỗi lần dùng 50gr gạo nếp, 60gr tiểu mạch. Nấu thành cháo, cho vào cháo 1 ít đường trắng. Ăn bình thường.","Bổ tim, an thần.","","","","",""
72,"CHỮA BỆNH MẤT NGỦ","LƯƠN HẤP VỚI HOÀI SƠN, BÁCH HỢP","Thần kinh suy nhược.","Mỗi lần dùng 250gr lươn, hoài sơn, bách hợp mỗi thứ 30gr. Hấp cách thủy.","Bổ tim, an thần.","Máu lươn lạnh, độc, nhất thiết không được uống sống. Những người bàn tay có vết thương, khi làm thịt lươn phải mang găng tay, nhất thiết không được tiếp xúc trực tiếp.","","","",""
72,"CHỮA BỆNH MẤT NGỦ","ÓC LỢN HẤP VỚI THIÊN MA (GASTRODIA ELATA)","Thần kinh suy nhược.","Mỗi lần có thể dùng 10gr thiên ma, 1 bộ óc lợn. Hấp cách thủy. Mỗi ngày hoặc cách ngày ăn 1 lần. Ăn liên tục 3 - 4 lần sẽ có hiệu quả.","An thần, khai huyệt.","","","","",""
72,"CHỮA BỆNH MẤT NGỦ","CHÁO TRỨNG VỊT MUỐI, SÒ BIỂN","Thần kinh suy nhược.","Mỗi lần dùng 2 quả trứng vịt muối, 60-100gr thịt sò biển, gạo tẻ vừa đủ, nấu thành cháo.","Mát phổi, bổ tim, bổ âm, an thần. Ngoài ra bài thuốc này còn có tác dụng thanh nhiệt, hạ hỏa; chữa bệnh tràng nhạc.","","","","",""
74,"CHỮA BỆNH ĐIÊN (BỆNH CUỒNG)","TIỂU MẠCH NẤU VỚI CAM THẢO, TÁO TÀU","Bệnh điên (Bệnh điên là một loại bệnh thần kinh, thần kinh bị ức chế, kích động như tức giận, lo sợ, oan ức, buồn rầu mà sinh ra. Bệnh trạng chủ yếu: buồn rầu, kêu khóc, ngáp vặt, buồn phiền, ngủ không yên giấc. Khi hết cơn điên, mọi việc lại bình thường).","Dùng 60gr tiểu mạch, 14 quả táo, 20gr cam thảo. Trước hết đem tiểu mạch ngâm nước cho mềm, giã nát, táo rửa sạch, ngâm nước sôi, sau đó cho cam thảo, nước vừa đủ, đun sôi trong 1 tiếng. Bỏ bã cam thảo, ăn táo, uống nước. Mỗi thang ăn 2 lần.","Bổ tim, an thần. Ăn liên tục, không phải kiêng kỵ gì. Những người mắc chứng mất ngủ, tim đập mạnh có thể thêm: long cốt, sò biển, nhân táo. Những người lòng dạ bồn chồn, khó thở thì thêm bán hạ, hậu phác.","","","","",""
74,"CHỮA BỆNH ĐIÊN (BỆNH CUỒNG)","TRỨNG GÀ HẤP CHU SA, CỎ BẤC","Bệnh điên (bệnh trạng như trên).","Lòng đỏ trứng gà 2 quả, cỏ bấc đèn 9gr, chu sa 3gr (tán nhỏ). Trước hết cho cỏ bấc đèn vào 100ml nước, đun nhỏ lửa trong 30 phút, lọc lấy nước. Cho nước cỏ bấc vào lòng đỏ trứng gà, và chu sa vào quấy đều. Hấp cách thủy. Mỗi tối ăn 1 lần. Mỗi đợt điều trị 7 ngày.","Chữa trị bồn chồn, mất ngủ, tâm thần bất an có hiệu quả.","Chu sa có chứa lưu hóa thủy ngân. Uống nhiều, uống kéo dài dễ gây độc hại. Vì vậy không nên uống thường xuyên được mà phải theo (liều trình) 7 ngày.","","","",""
74,"CHỮA BỆNH ĐIÊN (BỆNH CUỒNG)","THANG CAM THẢO, TIỂU MẠCH, TÁO TÀU","Bệnh điên (bệnh trạng như trên).","Mỗi lần dùng 10 gr cam thảo, 30gr tiểu mạch, 5 quả táo. Cho vào 2 bát nước, sắc lấy 1 bát, bỏ bã, uống nước.","Bổ tim, an thần, tăng cường khí huyết, giảm buồn phiền.","","","","",""
75,"CHỮA CHỨNG ĐỘNG KINH","PHÈN TRẮNG TRỘN VỚI QUẢ TRÁM","Bệnh động kinh (bệnh trạng: nhiều đờm dãi, lên cơn liên tục, đột nhiên hôn mê, ngã lăn đùng, trợn 2 mắt, răng nghiến chặt, sùi bọt mép, tứ chi co giật, đái ỉa tùy tiện, cắn chặt răng lưỡi. Sau khi tỉnh lại đầu nhức, mệt mỏi, không nhớ gì khi phát bệnh, lưỡi đỏ, bựa lưỡi trắng, mạch huyền, hoạt).","Dùng 12 quả trám tươi, 1,5gr phèn trắng tán nhỏ. Trước hết rửa sạch quả trám, dùng lưỡi dao khía quả trám, lấy bột phèn xát vào quả trám, khi phèn ngấm vào quả trám là ăn được.","Thanh nhiệt, tiêu đờm. Chữa chứng động kinh.","","","","",""
75,"CHỮA CHỨNG ĐỘNG KINH","CAO QUẢ TRÁM, UẤT KIM HƯƠNG","Bệnh động kinh (bệnh trạng như trên).","Quả trám tươi 500gr (đập dập), uất kim 250gr. Cho vào 1000ml nước, sắc trong một tiếng, gạn nước ra. Cho vào 500ml sắc lấy nước thứ 2. Hai nước thuốc trộn lẫn, đun nhỏ lửa, cô lại lấy 500ml. Cho 100gr phèn trắng, mật ong, quấy đều, đem cô đặc thành cao. Hàng ngày, mỗi buổi sáng, chiều uống 10ml, uống với nước sôi.","","Đây là bài thuốc đặc hiệu, truyền thống. Tuy nhiên cần chú ý điều trị từng thời gian, cách quãng, không dùng liên tục để tránh hại dạ dày.","","","",""
75,"CHỮA CHỨNG ĐỘNG KINH","RỄ CÂY THẦU DẦU ĐỎ NẤU VỚI TRỨNG GÀ","Bệnh động kinh (bệnh trạng như trên).","Dùng 60gr rễ cây thầu dầu đỏ, 2 quả trứng gà. Trước hết đem rễ cây thầu dầu đỏ sắc lấy khoảng 200ml nước, bỏ bã. Đập 2 quả trứng gà, 10ml giấm vào, quấy đều, đun sôi. Mỗi ngày uống 1 lần, liên tục uống trong 10 ngày là 1 đợt điều trị.","Khỏi co giật, trừ phong, tiêu đờm, bổ âm, an thần, hết sợ hãi.","","","","",""
75,"CHỮA CHỨNG ĐỘNG KINH","GAN DÊ SẮC VỚI HOA CÚC TRẮNG...","Bệnh động kinh do tỳ, thận hư (bệnh trạng: bệnh kéo dài ngày, lên cơn liên tục, khí huyết thất thường, xanh xao, thần sắc ngây ngô, mệt mỏi, viêm lưỡi, bựa lưỡi trắng, mạch nhược, vi).","Gan dê 60gr, cốc tinh thảo và hoa cúc trắng mỗi thứ 10gr. Đun nhỏ lửa, chín nhừ để ăn. Mỗi ngày uống 1 lần.","Bình ổn gan, bổ máu, bổ trung. Chữa trị chứng động kinh do gan thận hư, âm hư, thiếu máu.","","","","",""
75,"CHỮA CHỨNG ĐỘNG KINH","ĐAN SÂM SẮC VỚI LONG NHÃN...","Bệnh động kinh do tỳ, thận đều hư (bệnh trạng như trên).","Đan sâm, long nhãn, nhân táo mỗi thứ 15gr. Sắc lấy nước uống, pha một ít mật ong. Mỗi ngày uống 2 lần.","Mát gan, bổ tỳ, bổ tim. Có tác dụng chữa trị bệnh động kinh do khí huyết hư. Có thể dùng làm thuốc bồi dưỡng thường xuyên cho người mắc chứng động kinh.","","","","",""
75,"CHỮA CHỨNG ĐỘNG KINH","DẠ DÀY LỢN, GIẤY TRÁNG KIM","Bệnh động kinh, nói lảm nhảm, khóc cười bất thường.","Dùng 1 chiếc dạ dày lợn, 10 tờ giấy tráng kim. Cho giấy tráng kim vào trong dạ dày lợn, cho vào 6 bát nước, sắc kỹ lấy 2 bát. Ăn dạ dày lợn, uống nước.","An thần, bớt điên dại.","","","","",""
75,"CHỮA CHỨNG ĐỘNG KINH","TIM LỢN HẤP VỚI CHU SA","Chứng ngây dại, nói lảm nhảm, mỉm cười tự nhiên, không đánh chửi người khác.","Tim lợn 1 cái, chu sa 10gr. Hấp cách thủy, ăn hết 1 lần.","Bổ tim, an thần.","","","","",""
75,"CHỮA CHỨNG ĐỘNG KINH","NẤU ÓC DÊ VỚI LONG NHÃN","Chứng động kinh, đột nhiên hôn mê ngã lăn ra, răng nghiến chặt, sùi bọt mép, kêu rống như chó, mèo.","1 bộ óc dê, 25gr long nhãn. Trước hết nhúng bộ óc dê vào nước sôi, nhặt bỏ hết cơ, mô bên mặt ngoài bộ óc, sau đó cho long nhãn vào nấu chín kỹ, ăn hết trong 1 lần.","Bổ não, an thần.","","","","",""
75,"CHỮA CHỨNG ĐỘNG KINH","CON NHỘNG NẤU VỚI ĐƯỜNG PHÈN","Bệnh động kinh.","Dùng 70 con nhộng tằm (loại nhộng tằm sống hoang dã ăn lá cây lịch là tốt nhất), đường phèn vừa đủ. Nấu chín kỹ. Chia làm 2 phần, ăn hết trong ngày, cho người bệnh ăn trước khi lên cơn, hiệu quả rất tốt.","","","","","",""
75,"CHỮA CHỨNG ĐỘNG KINH","CON TẰM NẤU VỚI NAM TINH...","Bệnh động kinh.","Con tằm sấy khô 10gr, nam tinh 7,8gr, khương hoạt 10gr, gừng tươi. Sắc lấy nước uống.","","","","","",""
76,"CHỮA BỆNH TÂM THẦN PHÂN LIỆT","NƯỚC ĐƯỜNG TRẮNG, GIUN ĐẤT","Bệnh tâm thần phân liệt.","Giun đất tươi rửa sạch, giã nát vắt lấy nước, hòa với đường trắng uống.","","","","","",""
76,"CHỮA BỆNH TÂM THẦN PHÂN LIỆT","BỘT SỪNG TRÂU","Bệnh tâm thần phân liệt.","Dùng 10 - 20gr sừng trâu, cho vào nước vừa đủ, sắc kỹ, lấy nước uống.","","","","","",""
77,"CHỮA BỆNH LÒI DOM","CANH HOA CÚC, MỘC NHĨ","Bệnh lòi dom do thấp nhiệt, khi đi ỉa đau hậu môn, hoặc sau khi ỉa có máu.","Hoa cúc 100gr, mộc nhĩ 5gr. Cho vào 3 bát nước, sắc lấy 1 bát, cho vào ít đường trắng.","Kiện tỳ, khỏi lòi dom.","","","","",""
77,"CHỮA BỆNH LÒI DOM","HỒ TIÊU HẤP RUỘT GIÀ LỢN","Người cao tuổi, khí hư, mỗi khi đi ỉa, dom lòi ra, rất lâu không co lại.","Dùng 70 hạt hồ tiêu, 1 khúc đại tràng lợn. Cho hồ tiêu vào trong đại tràng, thắt lại 2 đầu khúc đại tràng, hấp chín ăn.","Kiện vị, khỏi lòi dom.","","","","",""
77,"CHỮA BỆNH LÒI DOM","NƯỚC THỊT BÒ HẦM","Bệnh lòi dom vì ỉa chảy kéo dài.","Thịt bò vàng, hầm nhừ lấy nước uống. Điều trị liên tục 1 tuần.","Tăng cường khí huyết, khỏi lòi dom.","","","","",""
77,"CHỮA BỆNH LÒI DOM","NẤU ĐẠI TRÀNG LỢN VỚI THĂNG MA, VỪNG ĐEN","Bệnh lòi dom.","Mỗi lần có thể dùng 10gr thăng ma, 60gr vừng đen, một khúc đại tràng lợn khoảng 30cm. Cho thăng ma, vừng đen vào trong đại tràng, buộc chặt 2 đầu. Luộc chín kỹ. Bỏ thăng ma, vừng đen. Cho gia vị vào. Ăn đại tràng, uống nước. Người mắc bệnh táo bón, có thể liên tục ăn vừng đen.","Kiện tỳ, khỏi lòi dom.","Thăng ma không được dùng quá nhiều, để phòng gây phản ứng phụ: nôn, nhức đầu, hoa mắt. Bài thuốc này còn có tác dụng chữa chứng sa tử cung.","","","",""
77,"CHỮA BỆNH LÒI DOM","THỊT BÒ TRỘN NƯỚC GỪNG HẤP CƠM","Bệnh lòi dom.","Mỗi lần dùng 30gr hà thủ ô, 1 con gà mái. Hà thủ ô gói trong túi vải, cho vào trong bụng gà. Sau khi hấp chín nhừ, lấy hà thủ ô ra. Cho dầu ăn, muối, gừng, rượu trộn vào thịt gà. Chia làm 2 lần, ăn hết trong ngày.","Bổ máu, bổ thận, khỏi lòi dom.","","","","",""
77,"CHỮA BỆNH LÒI DOM","QUẢ CẬT LỢN NẤU VỚI SA NHÂN","Bệnh lòi dom.","Mỗi lần dùng 3gr sa nhân, 1 quả cật lợn, thái nhỏ, trộn với sa nhân (tán thành bột). Cho vào ít dầu lạc, một ít muối, nấu chín kỹ.","Tăng cường khí huyết, ổn thận, tỳ.","","","","",""
77,"CHỮA BỆNH LÒI DOM","KIM ANH TỬ (HẠT LỰU) HẤP ĐƯỜNG PHÈN","Bệnh lòi dom.","Mỗi lần dùng 15gr hạt lựu, 60 - 90gr đường phèn. Hấp cách thủy trong 1 tiếng. Bỏ bã, uống nước.","Bổ trung, ích khí, khỏi lòi dom.","","","","",""
78,"CHỮA CHỨNG GIẢM ĐƯỜNG TRONG MÁU","THƯỜNG XUYÊN ĂN MÍA VÀ CÁC LOẠI ĐƯỜNG","Bệnh giảm đường trong máu.","Mía bỏ vỏ, ép lấy nước uống hoặc thường xuyên ăn các loại đường.","","","","","",""
79,"CHỮA BỆNH PHÙ CHÂN","CANH THỊT LỢN NẠC NẤU VỚI TÁO ĐỎ","Bệnh phù chân.","Mỗi lần dùng 15gr táo đỏ khô, 100gr thịt lợn nạc. Nấu chín kỹ, cho dầu ăn, muối, gia vị vào, ăn với cơm.","Thông khí huyết, tiêu phù, giảm xơ cứng.","","","","",""
79,"CHỮA BỆNH PHÙ CHÂN","RONG BIỂN NẤU VỚI GIẤM","Bệnh phù chân.","Mỗi lần dùng 120gr rong biển tươi (hoặc dùng 60gr khô), trộn với giấm, nấu chín ăn.","Thông khí huyết, tiêu phù, lợi tiểu, giảm xơ cứng.","Những người loét dạ dày, tá tràng, dạ dày dư a-xít không được dùng bài thuốc này.","","","",""
79,"CHỮA BỆNH PHÙ CHÂN","MI ĐẬU NẤU CƠM","Bệnh phù chân.","Mỗi ngày dùng 50 - 100gr mi đậu, 100 - 150gr gạo tẻ. Cho nước vừa đủ, nấu thành cơm. Cơm chín, cho vào ít dầu ăn, muối. Ăn nóng.","Thông khí huyết, tiêu phù, bổ tỳ, giảm xơ cứng.","","","","",""
79,"CHỮA BỆNH PHÙ CHÂN","CANH HẠT CỦ CẢI, HÀNH","Bệnh phù chân.","Hạt củ cải 50gr, hành củ 50gr. Cho vào 2 bát nước, nấu còn 1 bát. Ăn hết 1 lần.","Bổ tỳ, trừ thấp, tiêu phù, thông khí huyết.","","","","",""
79,"CHỮA BỆNH PHÙ CHÂN","LẠC NHÂN, PHẠN ĐẬU, TRẦN BÌ, TÁO TÀU","Bệnh phù chân lâu ngày, tê liệt phù thũng, đi lại khó khăn.","Lạc nhân 150gr, phạn đậu 100gr, trần bì 5gr, táo 10 quả. Sắc kỹ lấy nước uống.","Bổ tỳ, tiêu phù nề.","","","","",""
79,"CHỮA BỆNH PHÙ CHÂN","LẠC NHÂN, ĐẬU ĐỎ, TÁO TÀU, TỎI","Bệnh phù chân nặng, đi lại khó khăn.","Lạc nhân 90gr, đậu đỏ 60gr, tỏi 30gr, táo 60gr đổ nước vào, nấu chín, ngày ăn 2 lần.","Bổ tỳ, tiêu phù.","","","","",""
80,"CHỮA CƠ THỂ SUY NHƯỢC","XÔI NẾP, DỪA, THỊT GÀ","Tỳ hư, mệt mỏi, tứ chi bất lực, ăn không tiêu, trung khí hư nhược.","Cùi dừa thái nhỏ, gạo nếp, thịt gà vừa đủ. Cho vào chõ đồ xôi. Ăn nóng.","Kiện tỳ, bổ khí huyết.","","","","",""
80,"CHỮA CƠ THỂ SUY NHƯỢC","HẤP BỒ CÂU VỚI HOÀNG KỲ, KỶ TỬ","Sau khi ốm dậy, trung khí hư nhược, thiếu bồi dưỡng, cơ thể mệt mỏi.","Mỗi lần dùng 30gr Bắc hoàng kỳ, 30gr kỷ tử, 1 con chim bồ câu non. Chim làm sạch lông, bỏ mật. Hấp cách thủy, ăn thịt, uống nước. Cứ 3 ngày ăn 1 lần, điều trị 3 - 5 lần sẽ có hiệu quả.","Bổ tỳ, tăng cường khí huyết.","","","","",""
80,"CHỮA CƠ THỂ SUY NHƯỢC","CAO NƯỚC QUẢ DÂU, MẬT ONG","Sau khi ốm dậy, khí huyết hư, cơ thể mệt mỏi.","Quả dâu chín, tươi, rửa sạch, ép lấy nước. Đun nhỏ lửa, cho mật ong vừa đủ, quấy đều, cô đặc thành cao. Hàng ngày mỗi buổi sáng, chiều uống 2 thìa. Uống với nước sôi.","Bổ dưỡng gan thận, tăng cường khí huyết.","","","","",""
80,"CHỮA CƠ THỂ SUY NHƯỢC","THỊT DÊ NẤU VỚI ĐẬU PHỤ","Khí huyết đều hư, cơ thể mệt mỏi.","Đậu phụ và thịt dê vừa đủ. Nấu chín kỹ, cho vào ít gừng, tỏi, gia vị.","Bổ hư, tăng cường khí huyết.","","","","",""
80,"CHỮA CƠ THỂ SUY NHƯỢC","NẤU ĐU ĐỦ VỚI GỪNG, GIẤM","Sau khi ốm dậy, cơ thể suy nhược, tay chân mỏi mệt.","Mỗi lần dùng khoảng 500gr đu đủ, 30g gừng tươi, 500g giấm. Nấu chín, chia ra vài lần ăn hết trong ngày, để cơ thể dễ hấp thụ.","Bổ hư, bổ máu.","","","","",""
80,"CHỮA CƠ THỂ SUY NHƯỢC","THỊT MÈO HẤP VỚI LONG NHÃN, ĐẲNG SÂM","Sau khi ốm dậy, cơ thể suy nhược.","Mỗi lần dùng 15gr long nhãn, 30gr đẳng sâm, khoảng 150 - 250gr thịt mèo. Hấp cách thủy. Ăn thịt, uống nước.","Bổ hư, tăng cường khí huyết.","","","","",""
80,"CHỮA CƠ THỂ SUY NHƯỢC","CHÈ ĐẢNG SÂM, GẠO TẺ","Trung khí hư nhược, suy nhược toàn thân, tiêu hóa kém.","Mỗi lần dùng 15 - 30gr đẳng sâm, 30gr gạo tẻ sao vàng. Cho vào 4 bát nước, sắc lấy 1 bát nước. Uống nước thay chè. Cách ngày điều trị 1 lần. Điều trị liên tục 2 - 4 lần sẽ có hiệu quả.","","","","","",""
80,"CHỮA CƠ THỂ SUY NHƯỢC","UỐNG VỪNG TRỘN VỚI ĐƯỜNG TRẮNG","Cơ thể suy nhược.","Vừng rang chín, cho vào lọ để dùng dần. Mỗi lần lấy 2 thìa vừng rang, quấy đều với đường trắng (lượng vừa đủ). Uống với nước sôi. Cũng có thể rang vừng, giã nát, đựng trong lọ ăn dần.","Bổ hư, tăng cường khí huyết.","","","","",""
80,"CHỮA CƠ THỂ SUY NHƯỢC","CHÁO THỊT BÒ, TIỂU MẠCH","Cơ thể suy nhược, khí huyết đều hư.","Thịt bò 250gr, nhân hạt tiểu mạch vừa đủ. Hàng ngày nấu cháo ăn.","Bổ hư, tăng cường khí huyết.","","","","",""
80,"CHỮA CƠ THỂ SUY NHƯỢC","THỊT GÀ NẤU VỚI ĐÔNG TRÙNG HẠ THẢO","Cơ thể suy nhược.","Thịt gà 250gr, đông trùng hạ thảo 10gr. Nấu chín kỹ, ăn nóng.","Bổ hư, tăng cường khí huyết.","","","","",""
80,"CHỮA CƠ THỂ SUY NHƯỢC","TRỨNG CHIM CÚT LUỘC","Cơ thể suy nhược.","Hàng ngày, sáng sớm ăn 2 quả trứng chim cút luộc. Ăn vào lúc đói.","Bổ huyết, bồi dưỡng cơ thể.","","","","",""
80,"CHỮA CƠ THỂ SUY NHƯỢC","TRỨNG GÀ NẤU VỚI ĐƯỜNG, HẠT SEN, RƯỢU","Ốm kéo dài, tuổi cao cơ thể suy nhược.","Hạt sen, đường đỏ, rượu mỗi thứ 30gr. Cho nước vừa đủ, ninh nhừ. Đập vào 1 quả trứng gà, quấy đều. Mỗi tối ăn 1 lần. Ăn liên tục trong 1 tháng.","Bổ hư, tăng cường khí huyết.","","","","",""
80,"CHỮA CƠ THỂ SUY NHƯỢC","LẠC NHÂN NẤU VỚI LONG NHÃN, TÁO TÀU","Cơ thể suy nhược.","Dùng 25gr lạc nhân đỏ, 25gr táo, 10gr long nhãn, đổ vào nồi nấu chín, ăn vào lúc sáng, chiều.","Bổ tỳ, vị, tăng cường khí huyết, sinh huyết.","","","","",""
80,"CHỮA CƠ THỂ SUY NHƯỢC","CHÁO GẠO NẾP, HẠT SEN","Cơ thể suy nhược.","Dùng gạo nếp, hạt sen (lượng vừa đủ) nấu thành cháo. Hàng ngày ăn vào 2 buổi sáng chiều.","Bổ hư, tăng cường khí huyết.","","","","",""
80,"CHỮA CƠ THỂ SUY NHƯỢC","CHÁO DẠ DÀY BÒ","Trẻ em cơ thể suy nhược, khí huyết kém, biếng ăn.","Mỗi ngày dùng 150 - 200gr dạ dày bò, lấy muối sát kỹ, rửa sạch, thái nhỏ. Cho vào 40 - 50gr gạo tẻ, nấu thành cháo.","Bổ tỳ vị, tăng cường khí huyết.","","","","",""
80,"CHỮA CƠ THỂ SUY NHƯỢC","VỊT NẤU VỚI SA SÂM, NGỌC TRÚC","Sau khi ốm dậy, cơ thể suy nhược.","Mỗi lần dùng sa sâm, ngọc trúc, mỗi thứ 30 - 50gr, 1 con vịt (làm sạch lông, bỏ ruột). Đun nhỏ lửa, hầm trong 1 tiếng, cho vào một ít gia vị. Ăn thịt, uống nước.","Bổ hư, tăng cường khí huyết, tăng cường sức khỏe.","","","","",""
80,"CHỮA CƠ THỂ SUY NHƯỢC","CUỐNG NHAU THAI NHI HẤP VỚI ĐÔNG TRÙNG HẠ THẢO","Cơ thể suy nhược.","Mỗi lần dùng 10 - 15gr đông trùng hạ thảo, nửa hoặc cả chiếc nhau thai nhi tươi, mới. Hấp cách thủy. Ăn cái, uống nước.","Bổ hư, dưỡng huyết, tăng cường sức khỏe.","","","","",""
80,"CHỮA CƠ THỂ SUY NHƯỢC","CAO MẬT ONG QUẢ DÂU","Cơ thể suy nhược.","Chọn quả dâu chín, tươi, rửa sạch, ép lấy nước. Đun nhỏ lửa, cho mật ong vừa đủ, quấy đều, cô đặc thành cao. Hàng ngày mỗi buổi sáng, chiều uống 2 thìa. Uống với nước sôi.","Bổ thận, gan, tăng cường khí huyết.","","","","",""
80,"CHỮA CƠ THỂ SUY NHƯỢC","CƠM THỔI VỚI NƯỚC GỪNG, LƯƠN","Cơ thể suy nhược, gầy còm.","Mỗi lần dùng khoảng 150gr lươn, 10 - 20ml nước gừng. Trước tiên, mang con lươn còn sống rửa sạch. Khi nồi cơm sôi, cắt bỏ đuôi lươn, cho lươn vào nồi cơm đang sôi, đậy vung kín. Khi cơm chín nhừ, cho nước gừng, dầu ăn, một ít muối vào cơm, đảo đều. Ăn nóng.","Bổ máu, kiện vị.","","","","",""
80,"CHỮA CƠ THỂ SUY NHƯỢC","CHÈ ĐẢNG SÂM, TÁO TÀU","Cơ thể suy nhược.","Mỗi lần dùng 15 - 30gr đẳng sâm, 5 - 10 quả táo. Sắc lấy nước uống, uống thay nước chè. Điều trị liên tục 4- 6 ngày. Có thể cho thêm 2 - 3gr trần bì có tác dụng điều hòa vị khí.","Bổ tỳ, vị, tăng cường khí huyết, sinh huyết.","","","","",""
80,"CHỮA CƠ THỂ SUY NHƯỢC","CHÁO GẠO NẾP, CÁ DIẾC","Cơ thể suy nhược.","Mỗi lần dùng 1 - 2 con cá diếc, 30 - 45gr gạo nếp. Nấu thành cháo, ăn nóng.","Ôn trung, bổ hư.","","","","",""
80,"CHỮA CƠ THỂ SUY NHƯỢC","VỊT HẤP ĐÔNG TRÙNG HẠ THẢO","Cơ thể suy nhược.","Mỗi lần dùng 1 con vịt đực, làm sạch lông, bỏ ruột. Cho đông trùng hạ thảo vào bụng vịt. Hấp cách thủy.","Bổ hư, tăng cường cơ thể.","","","","",""
80,"CHỮA CƠ THỂ SUY NHƯỢC","THỊT LỢN NẠC HẤP VỚI HOÀNG TINH","Cơ thể suy nhược.","Mỗi lần dùng 30 - 60gr hoàng tinh, 120 - 150gr thịt lợn nạc. Hấp cách thủy.","Bổ trung ích khí.","","","","",""
80,"CHỮA CƠ THỂ SUY NHƯỢC","ĐẬU ĐEN HẦM VỚI GAN CHUỘT","Cơ thể suy nhược.","Mỗi lần dùng 1 bộ gan chuột, 30 - 60gr đậu đen, 3gr trần bì. Ninh nhừ, ăn nóng.","Bổ âm, dưỡng máu, tăng cường khí huyết, trừ hư.","","","","",""
80,"CHỮA CƠ THỂ SUY NHƯỢC","CHÁO GÀ","Cơ thể suy nhược.","Gà mái 1 con, làm sạch lông, bỏ ruột, chặt miếng, hầm lấy nước. Cho gạo tẻ vào nước hầm gà, nấu thành cháo.","Bổ tỳ, tăng cường khí huyết.","","","","",""
80,"CHỮA CƠ THỂ SUY NHƯỢC","CHÁO CA LA THẦU","","Mỗi lần uống ca la thầu nhạt và gạo tẻ với số lượng thích hợp, nấu thành cháo, thêm vào cháo 1 ít dầu lạc, ăn nóng.","Sau khi ốm dậy, cơ thể suy nhược. Giải phiền, khai vị.","","","","",""
80,"CHỮA CƠ THỂ SUY NHƯỢC","CƠM ĐẬU XANH","Sau khi ốm dậy, cơ thể suy nhược.","Mỗi lần dùng 50 - 100gr đậu xanh, 100 - 150gr gạo, cho muối vừa đủ nấu thành cơm, cho dầu ăn, muốn ăn trộn đều ăn nóng.","Bổ dưỡng cơ thể, tăng cường khí huyết, bổ tỳ.","","","","",""
80,"CHỮA CƠ THỂ SUY NHƯỢC","CHÁO BÁNH SỮA","Sau khi ốm dậy, cơ thể suy nhược.","Mỗi lần dùng 30 - 50gr bánh sữa, gạo tẻ vừa đủ, nấu cháo, cho ít muối ăn, ăn nóng.","Bổ tỳ, khai vị. Hiệu quả rất tốt đối với trẻ em sau khi sốt, biếng ăn, thần sắc mệt mỏi.","","","","",""
80,"CHỮA CƠ THỂ SUY NHƯỢC","ĐẬU ĐEN, TÁO TÀU","Suy nhược cơ thể.","Đỗ đen sao kỹ 100gr, táo 100gr, ninh nhừ cho ít muối ăn, ăn thường xuyên.","Có công hiệu tăng cường khí huyết.","","","","",""
80,"CHỮA CƠ THỂ SUY NHƯỢC","HOÀI SƠN, KỶ TỬ, GÀ TRỐNG ĐEN","Suy nhược cơ thể.","Gà trống đen 1 con, hoài sơn 50gr, kỷ tử 150gr, làm sạch gà, bỏ mật, tất cả cho vào ninh nhừ, ăn nóng.","Bổ dưỡng cơ thể, tăng cường khí huyết.","","","","",""
80,"CHỮA CƠ THỂ SUY NHƯỢC","SINH ĐỊA, MẠCH NHA, GÀ MÁI ĐEN","Suy nhược cơ thể.","Gà mái đen 1 con, sinh địa 250gr, mạch nha 100gr, làm sạch gà, bỏ mật. Bỏ sinh địa, mạch nha vào bụng gà, khâu kín đổ nước, nấu chín ăn, không cho muối, một tháng ăn một lần.","Bổ dưỡng cơ thể, tăng thêm khí huyết.","","","","",""
80,"CHỮA CƠ THỂ SUY NHƯỢC","CHÁO BÁT BẢO","Cơ thể suy nhược, mệt mỏi.","Khiếm thực, ý dĩ, đậu bạch biến, hạt sen, củ từ, táo tàu, bách hợp, mỗi loại 6gr, sau đó cho vào 150gr gạo tẻ, tiếp tục ninh thành cháo, cho vào ít đường, ăn hết trong ngày. Ăn liên tục nhiều ngày.","Bổ dưỡng cơ thể. Bài thuốc này còn có thể trị các chứng phù nề, ỉa lỏng, mất ngủ, khát nước, ho ít đờm.","","","","",""
80,"CHỮA CƠ THỂ SUY NHƯỢC","KIẾM HOA, PHỔI LỢN","Hôi mồm.","Mỗi lần dùng 25 - 30gr kiếm hoa khô, hoặc 200 - 300gr kiếm hoa tươi, phổi lợn 250 - 300gr. Ninh nhừ từ 1 - 2 tiếng để ăn.","Khử hôi mồm.","","","","",""
81,"CHỮA TRỊ: TIÊU HÓA KHÔNG TỐT","BÁNH RAU ĐẬU","Tiêu hóa không tốt (khó tiêu, không muốn ăn, thường hay ỉa chảy, da vàng, khô, hay buồn nôn, tinh thần mệt mỏi, nhạt miệng, mạch yếu).","Rau đậu 500gr, ngâm nước nóng, sau đó luộc chín vớt ra, để nguội. Lấy vải sạch gói rau đậu đã luộc chín, nhào nát thành bột, táo tàu 250gr luộc nhừ, quấy nát, loại bỏ hạt, cho vào 150gr đường đỏ, một ít hoa quế, quấy đều, để nguội. Tráng bột rau đậu thành bánh, phết bột táo đã được ninh nhừ lên mặt tấm bánh, cuộn lại, xếp bánh vào nồi, hấp nóng ăn.","Bổ dưỡng cơ thể tăng khí huyết.","","","","",""
81,"CHỮA TRỊ: TIÊU HÓA KHÔNG TỐT","MẠCH NHA, MỀ VỊT","Ăn uống khó tiêu.","Bổ mề vịt, rửa sạch phân, nhưng không bóc bỏ màng mề. Cho mề vịt với mạch nha hầm kỹ, ăn nóng. Mỗi lần dùng: mạch nha lúa 15 - 20gr, mạch nha tiểu mạch 15-30gr, mề vịt 1, 2 chiếc.","Kích thích tiêu hóa.","","","","",""
81,"CHỮA TRỊ: TIÊU HÓA KHÔNG TỐT","TUYẾT LÊ NGÂM GIẤM","Tiêu hóa không tốt, không muốn ăn.","Tuyết lê ngâm trong giấm, 1 tuần lấy ra ăn.","Kích thích tiêu hóa.","","","","",""
81,"CHỮA TRỊ: TIÊU HÓA KHÔNG TỐT","BÍ ĐAO, GỪNG TƯƠI NẤU GIẤM","Tiêu hóa không tốt.","Mỗi lần dùng khoảng 500gr bí đao, 30gr gừng tươi, 500gr giấm. Nấu chín kỹ, chia ra ăn hết trong ngày.","Kích thích tiêu hóa.","","","","",""
81,"CHỮA TRỊ: TIÊU HÓA KHÔNG TỐT","CHÁO GẠO TẺ, CÀ RỐT","Tiêu hóa không tốt.","Cà rốt, gạo tẻ (số lượng vừa đủ), nấu cháo ăn thường xuyên.","","","","","",""
81,"CHỮA TRỊ: TIÊU HÓA KHÔNG TỐT","DẠ DÀY BÒ, HOÀNG KỲ","Tiêu hóa không tốt, đầy bụng, chướng bụng.","Dạ dày bò 1 chiếc, hoàng kỳ 30gr. Ninh nhừ, ăn cái, uống nước.","Kích thích tiêu hóa, khỏi chướng bụng.","","","","",""
81,"CHỮA TRỊ: TIÊU HÓA KHÔNG TỐT","CHÁO NẾP, HẠT SEN, SƠN DƯỢC (CỦ TỪ)","Tiêu hóa không tốt, ỉa chảy.","Gạo nếp, hạt sen, củ từ lượng vừa đủ. Nấu cháo, ăn nóng.","Kích thích tiêu hóa, hết ỉa chảy.","","","","",""
81,"CHỮA TRỊ: TIÊU HÓA KHÔNG TỐT","NƯỚC LÁ THẠCH LỰU HÒA MẬT ONG","Tiêu hóa không tốt.","Lấy 100gr lá thạch lựu non, sắc trong 1 tiếng, bỏ bã, trộn đều với 50gr mật ong. Hoặc giã nát vắt lấy nước thạch lựu, hòa mật ong uống cũng tốt.","Khỏi ỉa chảy.","","","","",""
81,"CHỮA TRỊ: TIÊU HÓA KHÔNG TỐT","BẮC HOÀNG KỲ, CÁ LÓ HẤP CÁCH THỦY","Trẻ em tiêu hóa không tốt.","Mỗi lần 1 con cá lóc 250gr - 500gr đánh sạch vẩy, bỏ mang, ruột gan. Bắc hoàng kỳ 15 - 30gr. Hấp cách thủy. Mỗi ngày hoặc cách ngày ăn một lần. Ăn 3 - 5 lần sẽ có hiệu quả rõ.","Kích thích tiêu hóa, trị chướng bụng.","","","","",""
81,"CHỮA TRỊ: TIÊU HÓA KHÔNG TỐT","QUẢ TRÁM, CỦ CẢI","Tiêu hóa không tốt.","Mỗi lần dùng 250 gr quả trám, 500 - 1000 gr củ cải. Sắc lấy nước uống thay nước chè.","Bổ dạ dày, dễ tiêu hóa.","","","","",""
81,"CHỮA TRỊ: TIÊU HÓA KHÔNG TỐT","SƠN TRA, NƯỚC ĐƯỜNG","Ăn uống khó tiêu, nhất là ăn thịt không tiêu.","Sơn tra thái lát, sấy khô. Mỗi lần dùng 15-30 gr, cho nước, sắc kỹ, bỏ bã, cho lượng đường vừa đủ, quấy đều, uống thay nước chè. Có thể hãm sơn tra trong ấm, quấy đường uống thay nước chè.","","","","","",""
81,"CHỮA TRỊ: TIÊU HÓA KHÔNG TỐT","QUẢ HOÀNG BÌ MUỐI","Ăn vào đầy trướng bụng, khó tiêu.","Lấy quả hoàng bì tươi, rửa sạch, phơi khô, cho muối vào ướp. Mỗi lần dùng 15 - 30 quả hoàng bì đã muối, đổ vào 1 bát rưỡi nước, sắc lấy 1 bát, bỏ bà, uống nước. Có thể cho ít đường trắng khi uống. Có thể ăn quả hoàng bì tươi cũng được.","Kích thích tiêu hóa.","","","","",""
81,"CHỮA TRỊ: TIÊU HÓA KHÔNG TỐT","HỎA THAN MẪU, TIẾT LỢN","Ăn uống khó tiêu.","Mỗi lần dùng 600 gr hỏa than mẫu tươi, (trẻ em thì dùng 1 nửa), tiết lợn 150 - 200 gr. Nấu chín, cho ít muối ăn, uống nước canh, ăn tiết lợn.","Khỏi trướng bụng, lợi đại tràng, kích thích tiêu hóa.","Nhưng người mắc chứng viêm ruột, ỉa chảy thì chỉ uống nước canh, không ăn tiết lợn.","","","",""
81,"CHỮA TRỊ: TIÊU HÓA KHÔNG TỐT","RAU ĐỒNG KHAO, LÒNG TRẮNG TRỨNG GÀ","Ăn uống khó tiêu.","Mỗi lần dùng 250 gr rau đồng khao tươi. Nấu chín kỹ, khi rau chín cho vào 3 quả lòng trắng trứng gà, đun tiếp ít phút, cho vào dầu ăn, muối, gia vị. Ăn vào 2 bữa cơm.","Kích thích tiêu hóa.","","","","",""
81,"CHỮA TRỊ: TIÊU HÓA KHÔNG TỐT","LÁ RAU CẢI CỦ","Ăn uống khó tiêu.","Mỗi lần dùng 300 gr lá rau cải củ tươi, rửa sạch, thái khúc, xào với dầu ăn, muối, gia vị.","Khỏi đầy bụng, dễ tiêu.","","","","",""
81,"CHỮA TRỊ: TIÊU HÓA KHÔNG TỐT","CHÈ PHỔ NHĨ (Ở VÂN NAM TQ)","Ăn uống khó tiêu.","Mỗi lần dùng 6 - 8 gr chè phổ nhĩ, hãm với nước sôi uống, hoặc sắc lên uống.","Khỏi đầy, trướng bụng, dễ tiêu hóa.","","","","",""
81,"CHỮA TRỊ: TIÊU HÓA KHÔNG TỐT","CỦ CẢI, MAI CHUA","Ăn uống khó tiêu.","Mỗi lần dùng khoảng 250 gr củ cải tươi, rửa sạch, thái lát, 2 quả mai chua, cho vào 3 bát nước, sắc lấy 1 bát rưỡi, cho 1 ít muối ăn, bỏ bã, uống nước.","Kích thích tiêu hóa.","","","","",""
81,"CHỮA TRỊ: TIÊU HÓA KHÔNG TỐT","QUẢ CHANH ƯỚP MUỐI","Ăn uống khó tiêu.","Mỗi lần dùng 1 quả chanh ướp muối, cho vào 1 bát nước, đun sôi ít phút, bỏ bã, uống nước.","Kích thích tiêu hóa.","","","","",""
81,"CHỮA TRỊ: TIÊU HÓA KHÔNG TỐT","HOA TRỨNG GÀ, ĐƯỜNG TRẮNG","Ăn uống khó tiêu.","Mỗi lần dùng 30 gr hoa trứng gà khô, 1 ít đường trắng, cho vào 2 bát nước, sắc lấy 1 bát, bỏ bã, uống nước.","Kích thích tiêu hóa.","","","","",""
81,"CHỮA TRỊ: TIÊU HÓA KHÔNG TỐT","QUẢ TRÁM, ĐƯỜNG PHÈN","Ăn uống khó tiêu.","Mỗi lần dùng 10 quả trám để nguyên cả hạt, giã nát, cho vào 1 ít đường phèn, đổ vào 2 bát nước, sắc lấy 1 bát, bỏ bã, uống nước.","Kích thích tiêu hóa.","","","","",""
81,"CHỮA TRỊ: TIÊU HÓA KHÔNG TỐT","CAM TRIỀU CHÂU (QUẢNG ĐÔNG TQ), LÁ CHÈ","Ăn uống khó tiêu.","Lấy một quả cam Triều Châu, khoét một lỗ nhỏ, nhét vào trong quả cam khoảng 10 gr chè xanh, đem cam ra phơi nắng, phơi khô để dùng. Mỗi lần, người lớn 1 quả, trẻ em một nửa hay 1 phần 3 quả. Đối với trẻ em, có thể pha thêm ít đường trắng.","Khai vị, kích thích tiêu hóa.","","","","",""
81,"CHỮA TRỊ: TIÊU HÓA KHÔNG TỐT","QUẢ BẦU, ĐƯỜNG PHÈN","Ăn uống khó tiêu.","Mỗi lần dùng 30 - 50 gr quả bầu, một ít đường phèn, cho vào 3 bát nước sắc lấy 1 bát, bỏ bã, uống nước.","Bổ tỳ; khai vị, kích thích tiêu hóa.","","","","",""
82,"CHỮA CHỨNG KHÔNG MUỐN ĂN","BÁNH BỔ TỲ","Không muốn ăn (bệnh nặng: không nghĩ đến ăn uống, ăn xong thấy đau dạ dày, không vị toan, cổ khô, miệng nóng, chỉ muốn uống nước nóng).","Bạch truật 30 gr, gừng khô 6 gr (cả 2 vị gói kín trong túi vải) táo tàu 250 gr. Tất cả cho vào ninh nhừ trong 1 tiếng. Vớt bỏ túi vải và hột táo. Tiếp tục đun nhỏ lửa, quấy đều với 15 gr bột màng mề gà, 500 gr bột mì, cho nước vừa đủ, nặn thành bánh tròn rồi cán mỏng. Nướng áp chảo, bánh chín là ăn được.","Bổ tỳ, vị, kích thích ăn uống.","","","","",""
82,"CHỮA CHỨNG KHÔNG MUỐN ĂN","CHIM CÚT, ĐẢNG SÂM, HOÀI SƠN","Tỳ, vị hư, không muốn ăn","Chim cút 1 con, làm sạch, bỏ ruột, đẳng sâm 15g, hoài sơn 30 g. Tất cả đem ninh nhừ, vớt bỏ đẳng sâm. Còn lại ăn cả nước lẫn cái.","Bổ tỳ, vị, kích thích tiêu hóa.","","","","",""
82,"CHỮA CHỨNG KHÔNG MUỐN ĂN","CHÁO HẠT SEN, GẠO","Không muốn ăn.","Nấu cháo hạt sen, gạo tẻ, cho vào 1 ít đường trắng.","Bổ dạ dày, kích thích tiêu hóa.","","","","",""
82,"CHỮA CHỨNG KHÔNG MUỐN ĂN","CỦ TỪ, HẠT SEN, Ý DĨ","Tỳ, vị hư không muốn ăn.","Củ từ, hạt sen, ý dĩ mỗi thứ 30 g rửa sạch. Trước hết cho hạt sen và ý dĩ, sau cho củ từ vào nước sôi, đun nhỏ lửa ninh nhừ.","Bổ tỳ, vị, kích thích tiêu hóa. Bài thuốc này, còn có thể chữa trị chứng bạch đới.","","","","",""
82,"CHỮA CHỨNG KHÔNG MUỐN ĂN","ĐẬU BIỂN, HOÀI SƠN","Tỳ, vị hư không muốn ăn, ăn ít, bài tiết nhiều. Ăn vào tích thành khối cứng trong bụng.","Mỗi lần dùng 60 gr bạch biển sao vàng, 60 g hoài sơn, 50 g gạo tẻ (nếu là trẻ em thì giảm đi 1 nửa). Tất cả nấu thành cháo.","Bổ tỳ, vị, kích thích tiêu hóa, khỏi ỉa chảy. Thuốc này còn có thể chữa chứng cam trẻ em (bụng ỏng, da vàng).","","","","",""
82,"CHỮA CHỨNG KHÔNG MUỐN ĂN","CHÁO RAU CHÂN VỊT, GẠO TẺ","Không muốn ăn, ít nước bọt.","Gạo tẻ sau khi nấu thành cháo, cho rau chân vịt, đun cho sôi lên, ăn nóng.","Tiết nước bọt, kích thích tiêu hóa.","","","","",""
82,"CHỮA CHỨNG KHÔNG MUỐN ĂN","TÁO TÀU, ĐẲNG SÂM","Sau khi ốm dậy, không muốn ăn, chân tay mỏi mệt.","Táo tàu 10 quả, đẳng sâm 15g, sắc kỹ lấy nước uống thay nước chè.","Bổ tỳ, vị, kích thích tiêu hóa thức ăn.","","","","",""
82,"CHỮA CHỨNG KHÔNG MUỐN ĂN","CHÁO GẠO NẾP, CÁ DIẾC","Sau khi ốm dậy, cơ thể suy nhược, không muốn ăn.","Gạo nếp 50 gr, cá diếc 1,2 con (gói chặt trong túi vải). Nấu thành cháo, ăn nóng.","Bổ dưỡng cơ thể, kích thích tiêu hóa.","","","","",""
83,"CHỮA VIÊM MẠCH MÁU","RẮN ĐUÔI ĐEN NGÂM RƯỢU TRẮNG","Viêm mạch máu.","Rắn đuôi đen 20 g, phụ tử 20g, xích thược 15g ngâm vào 500 ml rượu trắng. Sau 5 ngày uống được. Mỗi lần 10 ml uống ngày 2 lần: sáng, chiều.","","","","","",""
83,"CHỮA VIÊM MẠCH MÁU","CÂY NHỰA RUỒI, CHÂN LỢN","Viêm mạch máu do tắc máu.","Mỗi lần dùng 100 - 150 g cây nhựa ruồi, 1 chân lợn. Cho nước vừa đủ. Ninh nhừ 4 tiếng trở lên. Ăn thịt, lấy 2 bát nước, uống 2, 3 lần trong 1 ngày. Cứ 20 ngày một liệu trình, mỗi liệu trình cách nhau 5 - 7 ngày.","","","","","",""
84,"CHỮA NGỘ ĐỘC THỨC ĂN","UỐNG TIẾT GÀ","Trúng độc do ăn thịt rắn với củ cải.","Uống một lạng tiết gà.","","","","","",""
84,"CHỮA NGỘ ĐỘC THỨC ĂN","UỐNG NƯỚC XA TIỀN TỬ","Trúng độc do ăn thịt cóc với hành tây.","Sắc uống 1 bát nước xa tiền tử.","","","","","",""
84,"CHỮA NGỘ ĐỘC THỨC ĂN","UỐNG NƯỚC QUẢ DƯƠNG MAI","Trúng độc do ăn thịt thỏ với cây tế thái (vị thuốc đông y).","Uống nước dương mai.","","","","","",""
84,"CHỮA NGỘ ĐỘC THỨC ĂN","UỐNG NƯỚC CAM THẢO","Trúng độc do ăn thịt rùa với măng mùa đông.","Sắc cam thảo lấy nước uống.","","","","","",""
84,"CHỮA NGỘ ĐỘC THỨC ĂN","UỐNG NƯỚC RAU MUỐNG","Chứng trúng độc mất nước do ăn cá diếc với bí đao.","Uống nước rau muống.","","","","","",""
84,"CHỮA NGỘ ĐỘC THỨC ĂN","UỐNG SỮA NGƯỜI","Trúng độc do ăn thịt vịt với quả dương mai.","Uống sữa người.","","","","","",""
84,"CHỮA NGỘ ĐỘC THỨC ĂN","UỐNG NƯỚC CAM THẢO","Trúng độc do uống rượu ngọt với mì chính.","Cam thảo sao lên, sắc lấy nước uống.","","","","","",""
84,"CHỮA NGỘ ĐỘC THỨC ĂN","UỐNG NƯỚC NGƯU HOÀNG","Trúng độc do ăn trứng rán có đường hóa học.","Lấy 2,5 g ngưu hoàng hãm với nước sôi, uống.","","","","","",""
84,"CHỮA NGỘ ĐỘC THỨC ĂN","UỐNG NƯỚC RAU MUỐNG","Trúng độc do ăn thịt lợn với cây hoa vừng.","Uống 1 bát nước rau muống.","","","","","",""
84,"CHỮA NGỘ ĐỘC THỨC ĂN","UỐNG NƯỚC CAM THẢO","Đau bụng đi ỉa lỏng do ăn thịt dê lại ăn dưa hấu.","Lấy 100 g cam thảo, sắc lấy nước uống.","","","","","",""
84,"CHỮA NGỘ ĐỘC THỨC ĂN","UỐNG NƯỚC DẦU TRẨU","Trúng độc do ăn chuối tiêu với quả cây gai.","Uống 25 g dầu trẩu.","","","","","",""
84,"CHỮA NGỘ ĐỘC THỨC ĂN","UỐNG NƯỚC XUYÊN TÂM LIÊN","Trúng độc do khi ăn kem lại ăn cà chua.","Lấy 100 g xuyên tâm liên sắc lấy nước uống.","","","","","",""
84,"CHỮA NGỘ ĐỘC THỨC ĂN","UỐNG NƯỚC TẾ TÂN, XUYÊN LIÊN","Trúng độc do ăn thịt gà uống chè hoa cúc","Dùng 5 g tế tân, 2,5 g xuyên liên sắc lấy nước uống.","","","","","",""
84,"CHỮA NGỘ ĐỘC THỨC ĂN","UỐNG NƯỚC CAM THẢO.","Trúng độc chướng bụng do ăn thịt chó với đậu xanh.","Dùng cam thảo sắc lấy nước uống.","","","","","",""
84,"CHỮA NGỘ ĐỘC THỨC ĂN","NGƯU HOÀNG HOÀN","Trúng độc do dùng quả đào nấu rượu","Uống 3 viên ngưu hoàng.","","","","","",""
84,"CHỮA NGỘ ĐỘC THỨC ĂN","NƯỚC CAM THẢO, BỘT GẠO","trúng độc do ăn mật với hành sống","Gạo rang khô, sắc lấy nước. Dùng nước cam hòa với bột gạo để uống.","","","","","",""
84,"CHỮA NGỘ ĐỘC THỨC ĂN","HOẮC HƯƠNG HOÀN","trúng độc, ỉa chảy do ăn dưa chuột với lạc.","Uống hoắc hương hoàn","","","","","",""
84,"CHỮA NGỘ ĐỘC THỨC ĂN","UỐNG NƯỚC GIẢI TRẺ EM","Đau quặn ruột do ăn nhộng tằm với ốc.","Uống nước giải trẻ em.","","","","","",""
84,"CHỮA NGỘ ĐỘC THỨC ĂN","UỐNG NƯỚC RAU MUỐNG","trúng độc do ăn long nhãn với rau dền.","Uống 1 bát nước rau muống.","","","","","",""
84,"CHỮA NGỘ ĐỘC THỨC ĂN","DẦU VỪNG","Trúng độc do ăn cá chép với cam","Uống 100 g dầu vừng.","","","","","",""
84,"CHỮA NGỘ ĐỘC THỨC ĂN","SỬ QUÂN TỬ","Trúng độc, váng đầu, buồn nôn, nấc, nôn mửa, bí ỉa do dùng quá nhiều hoặc dùng lần đầu sử quân tử.","Lấy vỏ sử quân tử sắc lấy nước uống thay nước chè.","","","","","",""
84,"CHỮA NGỘ ĐỘC THỨC ĂN","ỐC, CỎ PHƯỢNG VĨ, QUẢ Ô BÁCH THỤ","Trúng độc do ăn mây thiên lôi.","ốc 60 con, cỏ phượng vĩ 150 g, ô bách thụ 10 quả, rửa sạch, giã nát vắt lấy nước uống 1 - 2 lần/ngày.","","","","","",""
84,"CHỮA NGỘ ĐỘC THỨC ĂN","UỐNG NGŨ BỘI TỬ","Trúng độc do thuốc muối kim loại nặng với sinh vật loại kiềm.","Lấy 5 - 10 gr ngũ bội tử uống với nước sôi. Khi cần thiết có thể uống thêm một ít nữa.","","","","","",""
84,"CHỮA NGỘ ĐỘC THỨC ĂN","TIẾT SƠN DƯƠNG","Trúng độc do ăn phải nấm độc.","Uống nhiều tiết sơn dương.","","","","","",""
84,"CHỮA NGỘ ĐỘC THỨC ĂN","MÁU NHUNG HƯƠU","Ăn phải thuốc độc, đậu độc.","Uống máu nhung hươu, hoặc bột máu nhung hươu, hoặc máu nhung hươu sấy khô.","","","","","",""
84,"CHỮA NGỘ ĐỘC THỨC ĂN","NUỐT TIẾT VỊT TRỜI","Nhiễm độc uống rượu trắng và nước có ga.","Nuốt tiết vịt trời để làm nôn tháo ra.","","","","","",""
84,"CHỮA NGỘ ĐỘC THỨC ĂN","UỐNG NƯỚC MÃ THẦY","Nhiễm độc chì","Mỗi ngày lấy 400 ml nước mã thầy tươi, chia làm 2 lần, uống với vitamin C, uống lúc đói. Có tác dụng giải độc.","","","","","",""
84,"CHỮA NGỘ ĐỘC THỨC ĂN","VIÊN SẠN TRONG ÓC CÁ","Trúng độc do ăn nấm độc và thạch tín.","Lấy viên sạn trong óc cá, 5 - 25g, sao khô, tán nhỏ, hãm nước sôi để uống.","","","","","",""
84,"CHỮA NGỘ ĐỘC THỨC ĂN","UỐNG TIẾT VỊT TRỜI","Trúng độc do uống thuốc.","Uống tiết vịt trời còn nóng để nôn tháo ra.","","","","","",""
84,"CHỮA NGỘ ĐỘC THỨC ĂN","ĂN THỊT CHIM SẺ RỪNG","Trúng độc do uống rượu.","Giết 2 con chim sẻ rừng, làm sạch, lột da, bỏ ruột gan, sao vàng tán nhỏ, uống với nước sôi (ăn thịt tươi nấu chín cũng được).","","","","","",""
84,"CHỮA NGỘ ĐỘC THỨC ĂN","UỐNG NƯỚC GỪNG, ĐƯỜNG, LÁ TÍA TÔ","Trúng độc do ăn tôm, cá, buồn nôn, đau bụng, trướng bụng.","Gừng tươi, lá tía tô mỗi thứ 3g rửa sạch, thái nhỏ, hãm nước sôi trong 10 phút, cho vào 15g đường đỏ, uống nóng.","","","","","",""
85,"CHỮA BỆNH CHÓ DẠI","UỐNG NƯỚC RAU HẸ","Bệnh chó dại.","Uống 250 g nước rau hẹ, cách ngày uống một lần. Uống 5 lần sẽ thấy hiệu quả.","","","","","",""
86,"BỆNH VIÊM HỌNG","MẬT ONG, CAM THẢO, QUẢ ANH ĐÀO","Phòng bệnh viêm họng.","Lấy 10 g cam thảo, ngâm trong nước, đun nhỏ lửa, sắc 40 phút, gạn lấy nước, bỏ bã. Lấy 500 g quả anh đào, rửa sạch. Cho vào 200 g mật ong, bỏ anh đào vào nước cam thảo, đun nhỏ lửa đến khi nào cạn nước là được. Để nguội, cho vào lọ, ăn dần.","Phòng bệnh viêm họng. Những người hút thuốc thường xuyên dùng bài thuốc này rất tốt.","","","","",""
86,"BỆNH VIÊM HỌNG","TRỨNG GÀ, GIẤM","Chữa sưng, đau họng.","Hai quả trứng gà, quấy thành bột, nấu với giấm. Ăn cả nước và cái.","","","","","",""
86,"BỆNH VIÊM HỌNG","UỐNG NƯỚC MƯỚP TƯƠI","Sưng, đau họng.","Lấy 1 cốc nước mướp tươi uống hết một lần.","Tiêu sưng, giảm đau.","","","","",""
86,"BỆNH VIÊM HỌNG","NƯỚC CỦ CẢI, TRỨNG GÀ","Sưng, đau họng.","Nước củ cải 1 cốc, trứng gà 1 quả, đun sôi nước củ cải, đập trứng gà vào, quấy đều, đun sôi đến lúc trứng chín, uống nóng.","giảm đau, tiêu sưng.","","","","",""
86,"BỆNH VIÊM HỌNG","NƯỚC RAU HOA CÚC","Sưng, đau họng.","Lấy 50 g hoa cúc tươi, rửa sạch, nhai nuốt nước.","Tiêu viêm, giảm đau.","","","","",""
86,"BỆNH VIÊM HỌNG","QUẢ HẠNH ĐÀO","Chứng đau họng do hư hỏa, hoặc do thức đêm, diễn thuyết nhiều, hát to tiếng.","15 quả hạnh đào, ăn hết trong 1 ngày.","","","","","",""
86,"BỆNH VIÊM HỌNG","UỐNG TRỨNG GÀ TƯƠI","Đau họng do hư hỏa, thức đêm nhiều, diễn thuyết hát to.","Lấy 2 quả trứng gà tươi, uống sống, mỗi ngày 1 lần.","Hạ hỏa, giảm đau.","","","","",""
86,"BỆNH VIÊM HỌNG","MẬT ONG, HOA KIM NGÂN","Viêm họng.","30 g hoa kim ngân, cho vào 2 bát nước, sắc lấy 1 bát. Gạn lấy nước thuốc, cho vào 30 g mật ong, quấy đều ngày uống 2 lần: sáng, chiều.","Tiêu viêm, giảm đau.","","","","",""
86,"BỆNH VIÊM HỌNG","THƯỜNG XUYÊN UỐNG NƯỚC MÍA","Sưng, đau họng.","Mía tước vỏ, ép lấy nước uống.","","","","","",""
86,"BỆNH VIÊM HỌNG","CÁ TƯƠI, SẮN DÂY","viêm họng.","Mỗi lần dùng 1 con cá tươi (khoảng 100 - 150g) khoảng 60 g lá sắn dây. Đánh sạch vẩy cá, bỏ ruột, rửa sạch. Cho cá và sắn vào ninh nhừ từ 1 - 2 tiếng. Ăn nóng hết 1 lần.","Tiêu viêm, giảm đau.","","","","",""
86,"BỆNH VIÊM HỌNG","PHÈN TRẮNG TRỘN QUẢ TRÁM","Sưng đau họng, viêm Amidan, khản tiếng, nhiều đờm.","Mỗi lần dùng 12 quả trám, 1,5 g phèn trắng. Rửa sạch trám bằng nước sôi để nguội, khía trám thành nhiều vết, nhét phèn vào vết khía, cứ 1 - 2 tiếng ăn 2 quả. Nhai từ từ. Có đờm thì khạc đờm ra, không có đờm thì nuốt nước. Nhả bã quả trám ra để không ảnh hưởng đến tiêu hóa.","Khỏi sưng, giảm đau.","","","","",""
86,"BỆNH VIÊM HỌNG","NƯỚC RAU CẢI BẮP","Sưng đau, viêm họng.","Khi bị viêm họng, lấy nước rau cải bắp ngậm ở trong cổ họng.","Tiêu viêm, giảm đau.","","","","",""
86,"BỆNH VIÊM HỌNG","SINH ĐỊA, CANH CUA","Viêm họng cấp tính, sưng đau bụng, ăn uống không được.","Mỗi lần dùng 30 g sinh địa và 1 con cua, cho nước vừa đủ, sắc kỹ lấy 1 bát nước. Bỏ bã, uống nước. Mỗi ngày uống 1 lần, liên tục 3 ngày.","Thanh nhiệt, mát máu, khỏi nóng đầu.","Cua không được ăn với cà chua và kinh giới.","","","",""
86,"BỆNH VIÊM HỌNG","RAU DIẾP CÁ, PHỔI LỢN","Sưng đau, viêm họng.","Mỗi lần dùng 600 g rau diếp cá tươi, 200 g phổi lợn, cắt phổi lợn thành từng miếng, bóp hết bọt, hơi trong phổi, rửa sạch. Đổ nước vừa đủ, hầm kỹ, cho vào ít muối ăn. Ăn cả cái và nước.","Thanh nhiệt, cắt cơn ho, giải độc, tiêu viêm.","","","","",""
86,"BỆNH VIÊM HỌNG","QUẢ CAM DẦU NGÂM MẬT ONG","Sưng đau, viêm họng.","lấy cam dầu tươi, rửa sạch, phơi khô, ngâm vào mật ong trong 1 tuần đem ra ăn. Mỗi lần ăn từ 10 - 15 quả.","Tiêu viêm, giảm đau, tăng khí huyết.","","","","",""
86,"BỆNH VIÊM HỌNG","QUẢ TRÁM, ĐƯỜNG PHÈN","Sưng đau, viêm họng.","Mỗi lần dùng 10 quả trám (để nguyên hột) trộn với đường phèn vừa đủ, cho vào 2 bát nước, sắc lấy 1 bát, bỏ bã uống từ từ.","Giải độc, giảm đau, mát phổi.","","","","",""
86,"BỆNH VIÊM HỌNG","ĐƯỜNG PHÈN, RAU GAN CHÓ","Đau họng, khô họng.","Mỗi lần dùng 30 - 60 g rau gan chó, đường phèn vừa đủ, sắc lấy nước uống, thay nước chè.","Khỏi đau họng, khô họng, giảm đau. Dân gian còn dùng bài thuốc này chữa trị bệnh nhiệt cảm sốt, chảy máu cam, đái ra máu, do máu nóng, chảy máu dưới da.","","","","",""
86,"BỆNH VIÊM HỌNG","QUẢ TRÁM, CỦ CẢI","Viêm họng cấp tính.","Mỗi lần dùng 200 g quả trám, 500 - 1000 g củ cải, sắc lấy nước uống thay nước chè, uống nhiều lần.","Khỏi viêm họng cấp.","","","","",""
86,"BỆNH VIÊM HỌNG","CỎ HÔI, ĐẬU XANH","Viêm họng.","Mỗi lần dùng 30 g cỏ hôi tươi, 30 - 50 g đậu xanh, cho vào 5 bát nước sắc lấy 2 bát, cho vào 1 ít đường đỏ, đun tiếp vài phút. Bỏ bã, uống nước.","","","","","",""
86,"BỆNH VIÊM HỌNG","NƯỚC NGÓ SEN, MẬT ONG","Họng khô, đau.","Lượng ngó sen tươi vừa đủ, rửa sạch lấy 100 - 150 ml nước, cho vào 15 - 30 g mật ong, quấy đều uống hết 1 lần. Mỗi ngày uống 1 lần, uống liên tục trong nhiều ngày sẽ có kết quả.","","","","","",""
86,"BỆNH VIÊM HỌNG","QUẢ XỘP XỘP, ĐƯỜNG PHÈN","Cổ họng khô, đau.","Mỗi lần dùng 30 quả xộp xộp, đường phèn vừa đủ. Ninh nhừ, ăn cả cái và nước. Mỗi ngày 1 lần. Uống liên tục 3- 5 ngày có hiệu quả.","Giải độc, cầm máu","","","","",""
86,"BỆNH VIÊM HỌNG","NƯỚC CỦ CẢI, ĐƯỜNG MẠCH NHA","Viêm họng.","Mỗi lần dùng số củ cải tươi vừa đủ, ép lấy 1 bát nước. Cho vào 30 - 50 g đường mạch nha, hấp cách thủy. Uống nóng, uống nhiều lần sẽ có kết quả.","","","","","",""
86,"BỆNH VIÊM HỌNG","CHÁO RAU BẮP CẢI KHÔ","Viêm họng, khản tiếng.","Mỗi lần dùng 30 - 50 g rau cải bắp khô, 50 g gạo tẻ. Cho nước vừa đủ, nấu thành cháo. Cho 1 ít dầu lạc vào, ăn nóng.","Bổ âm, bổ dạ dày, tiêu đờm.","","","","",""
86,"BỆNH VIÊM HỌNG","QUẢ TRÁM MUỐI, RỄ LAU (LÔ CĂN)","Viêm họng.","Mỗi lần dùng 30 g rễ lau (tươi thì 60 - 120 g) 4 quả trám muối, cho vào 2 bát nước, sắc lấy 1 bát, bỏ bã, uống nước.","Thanh nhiệt, sinh máu, giải độc, khỏi viêm họng.","","","","",""
86,"BỆNH VIÊM HỌNG","BẮC HẠNH NHÂN, TUYẾT LÊ","Đau bụng, cổ khô.","Mỗi lần dùng 10 g Bắc hạnh nhân, 1 quả tuyết lê, 30 - 50 g đường trắng, một bát nước, hấp cách thủy trong 1 tiếng đồng hồ. Ăn quả lê, uống nước.","Thanh nhiệt, ra mồ hôi, mát gan, khỏi ho.","","","","",""
86,"BỆNH VIÊM HỌNG","TRÀ HỒ LÔ, ĐƯỜNG PHÈN","Viêm họng","Mỗi lần dùng 30 - 50 g chè hồ lô, một ít đường phèn, cho vào 3 bát nước, sắc lấy 1 bát, bỏ bã, uống nước.","Thanh nhiệt, giải độc, tiêu viêm, giảm đau","","","","",""
86,"BỆNH VIÊM HỌNG","HOA TRỨNG GÀ, ĐƯỜNG TRẮNG","Đau họng.","Mỗi lần dùng 30 g hoa trứng gà khô, đường trắng vừa đủ, cho vào 2 bát nước, sắc lấy 1 bát, bỏ bã, uống nước.","Thanh nhiệt, giải độc, giảm đau, tiêu viêm.","","","","",""
86,"BỆNH VIÊM HỌNG","ĐẬU PHỤ, THẠCH CAO","Viêm họng.","Mỗi lần dùng khoảng 50 g thạch cao sống, khoảng 200 g đậu phụ, cho nước vừa đủ. Ninh nhừ từ 2 tiếng trở lên. Cho vào 1 ít muối ăn. Ăn cả đậu phụ, uống nước.","Giảm đau, thanh nhiệt, tiêu viêm.","","","","",""
86,"BỆNH VIÊM HỌNG","ĐƯỜNG TRẮNG, BỘT SẮN","Đau cổ họng.","Mỗi lần dùng 30 - 50 g bột sắn, đường trắng vừa đủ, cho nước, nấu chè, ăn hết 1 lần.","Giảm đau, thanh nhiệt, tiêu viêm.","","","","",""
86,"BỆNH VIÊM HỌNG","QUẢ TRÁM, MAI CHUA","Viêm họng cấp tính","Mỗi lần dùng 60 g quả trám tươi (để nguyên hột), 10 g mai chua, đập dập, cho vào 3 bát nước, sắc lấy 1 bát. Bỏ bã, cho vào 1 ít đường trắng, quấy đều, uống nóng.","","","","","",""
86,"BỆNH VIÊM HỌNG","BỘT SẮN, LƯƠNG PHẤN THẢO","Đau, khô cổ.","Mỗi lần dùng 60 g lương phấn thảo, 120 g bột sắn, cho vào 6 bát nước, sắc lấy 1 bát rưỡi, cho ít đường trắng, bỏ bã, uống nước.","Giải độc, tiêu viêm.","","","","",""
87,"VIÊM AMIĐAN","TỔ NHỆN, BỘT PHÈN TRẮNG","Viêm Amidan.","Lấy 3 cái tổ nhện, luyện toàn tính, 5g phèn trắng tán nhỏ. Uống với nước sôi.","","","","","",""
87,"VIÊM AMIĐAN","NGẬM BẠCH ĐINH HƯƠNG MẬT ONG","Viêm Amidan","Bạch đinh hương (tức phân sẻ) 5g, mật ong vừa đủ, trộn đều, chia 2 lần, ngậm trong cổ họng.","","","","","",""
88,"VIÊM KHOANG MIỆNG","BỌ CẠP, BẠC HÀ","Viêm khoang miệng","Bọ cạp (sao toàn tính): 3,5g, con tằm: 5g, cam thảo: 1g, Hoàng liên: 2,5g, xuyên ô: 3,5g, rết: 2 con. Tất cả tán nhỏ, cho vào sắc với bạc hà, lấy nước uống, uống trong 7 ngày, mỗi ngày 1 gr. Ngày thứ 2, những vết mủ trắng đã tiêu dần.","","","","","",""
88,"VIÊM KHOANG MIỆNG","RẮN HỔ MANG, SỮA NƯỚC","Chữa tưa (viêm nấm apto - người mắc bệnh này phần đông là trẻ em).","Rắn hổ mang khô (loại rắn khác cũng được) tán nhỏ. Mỗi ngày uống 1 - 2 lần, mỗi lần 50 - 100g, uống với sữa nước.","","","","","",""
89,"CHỮA HÓC XƯƠNG CÁ","TỔ TRỨNG BỌ NGỰA Ở CÂY DÂU","Hóc xương cá.","Sắc tổ bọ ngựa lấy ở cây dâu với giấm để uống.","","","","","",""
89,"CHỮA HÓC XƯƠNG CÁ","VẨY CÁ CHÉP","Hóc xương cá.","Lấy 36 chiếc vẩy trên lưng cá chép, sao vàng, tán thành bột, uống với nước lạnh.","","","","","",""
89,"CHỮA HÓC XƯƠNG CÁ","NGẬM, NUỐT XƯƠNG CHIM CỐC","Hóc xương cá.","Xương chim cốc (nướng thành than), tán thành bột, quấy đều với mật ong, ngậm, nuốt dần dần.","","","","","",""
89,"CHỮA HÓC XƯƠNG CÁ","GAN RÁI CÁ","Hóc xương cá.","Lấy gan con rái cá sao vàng, tán nhỏ. Hòa vào rượu uống. Mỗi lần uống 5g.","","","","","",""
89,"CHỮA HÓC XƯƠNG CÁ","NƯỚC DÃI CHIM CỐC","Hóc xương cá.","Bắt con chim cốc còn sống, buộc treo lên, lấy bát hứng nước dãi của chim uống ít một, 1 ngày 3 lần.","","","","","",""
90,"CHỮA SỢ LẠNH","HỒ TIÊU, DẠ DÀY LỢN","Sợ lạnh.","Lấy 100 g hồ tiêu, cho vào trong dạ dày lợn. Ninh nhừ, ăn nóng.","Bổ, ấm dạ, tăng nhiệt.","","","","",""
90,"CHỮA SỢ LẠNH","PHỤ TỬ, GỪNG TƯƠI, THỊT CHÓ","Sợ lạnh do thận, dương suy, chân tay giá lạnh.","Mỗi lần dùng 15 - 30g phụ tử, 150g gừng tươi nướng chín, 500 - 1.000g thịt chó rửa sạch thái nhỏ. Trước hết xào tỏi, dầu lạc, rồi cho thịt chó, nước vào đun nhỏ lửa. Khi nước sôi cho phụ tử, gừng tươi. Tiếp tục đun nhỏ lửa trong 2 tiếng lấy ra ăn.","Bổ thận dương, chống rét.","Những người bị cảm mạo không dùng bài thuốc này.","","","",""
91,"CHỮA ĐAU RĂNG","CỎ HÔI, ĐẬU XANH, NƯỚC ĐƯỜNG","Đau răng.","Mỗi lần dùng 30 g cỏ hôi tươi, 30 - 50g đậu xanh, cho vào 5 bát nước, sắc lấy 2 bát, cho vào 1 ít đường đỏ, đun tiếp vài phút. Uống nước, ăn đậu.","Hạ hỏa, giảm đau.","","","","",""
91,"CHỮA ĐAU RĂNG","RỄ VÔ HOẠN TỬ, XƯƠNG LỢN","Phong hỏa, đau răng, nóng dạ dày, sưng lợi.","Mỗi lần dùng 30g rễ vô hoạn tử, 200g xương lợn (tốt nhất dùng xương sống), cho vào 3 bát nước, sắc lấy 1 bát nước cho 1 ít muối, uống nước.","Thanh nhiệt, giải độc, giảm đau.","","","","",""
91,"CHỮA ĐAU RĂNG","RỄ CÂY LIỄU NẤU VỚI THỊT LỢN NẠC","Đau răng do dạ dày nóng, phong hỏa, đau răng do thiếu ngủ, hư hỏa, viêm lợi.","Mỗi lần dùng 30g rễ cây liễu, 100 - 150g thịt lợn nạc. Ninh nhừ, cho ít muối, gia vị. Ăn cái, uống nước.","Hạ hỏa, giảm đau.","","","","",""
91,"CHỮA ĐAU RĂNG","SA SÂM, TRỨNG GÀ","Hư hỏa bốc đau răng","Mỗi lần dùng 30g sa sâm, 2 quả trứng gà cho vào 2 bát nước đun sôi. Trứng chín bóc bỏ vỏ, tiếp tục đun sôi nửa tiếng nữa cho vào 1 ít đường phèn hoặc đường trắng quấy đều. Ăn trứng gà, uống nước.","Bổ âm, mát phổi, hạ hỏa, giải nhiệt.","","","","",""
91,"CHỮA ĐAU RĂNG","SÒ BIỂN, THỊT LỢN","Hư hỏa, đau răng.","Mỗi lần 50g sò biển, 100 g thịt lợn nạc. Ninh nhừ, cho ít muối ăn. Ăn vào 2 bữa cơm.","Thanh nhiệt, giảm đau.","","","","",""
91,"CHỮA ĐAU RĂNG","SINH ĐỊA, TRỨNG VỊT","Hư hỏa, đau răng.","Mỗi lần dùng 30 - 50g sinh địa, 2 quả trứng vịt cho vào nửa bát nước, đun sôi. Trứng chín bóc vỏ, tiếp tục đun sôi. Ăn trứng, uống nước. Có thể cho ít đường phèn vào nước để uống.","Thanh nhiệt, bổ âm, bổ huyết, sinh máu, giảm đau.","","","","",""
91,"CHỮA ĐAU RĂNG","KIM NGƯU, TRỨNG GÀ","Đau răng.","Mỗi lần dùng 15g rễ kim ngưu (nhập địa), 1 quả trứng gà, cho vào 2 bát nước, đun sôi, trứng chín, bóc bỏ vỏ, tiếp tục đun sôi ít phút, lấy 1 bát nước. Ăn trứng, uống nước.","Tiêu sưng, giảm đau.","","","","",""
91,"CHỮA ĐAU RĂNG","THIÊN HƯƠNG LÔ, THỊT LỢN NẠC","Phong hỏa, đau răng.","Mỗi lần dùng 30g thiên hương lô, 10g thịt lợn nạc đổ nước vừa đủ. Ninh nhừ, cho vào 1 ít muối gia vị. Ăn thịt, uống nước.","Trị phong thấp, giảm đau, sinh máu.","","","","",""
91,"CHỮA ĐAU RĂNG","NHAI TỔ ONG","Sâu răng.","Xé 1 miếng tổ ong, nhai nhả bã mỗi ngày 3 lần.","","","","","",""
91,"CHỮA ĐAU RĂNG","TRỨNG VỊT MUỐI, RAU LÁ HẸ, MUỐI ĂN","Đau răng.","Dùng 2 quả trứng vịt muối, 150 lá hẹ, 15g muối ăn. Đun sôi, chín kỹ. Ăn hết 1 lần lúc đói.","Tiêu viêm, giảm đau.","","","","",""
91,"CHỮA ĐAU RĂNG","TRỨNG GÀ, RƯỢU","Đau răng.","Một quả trứng gà luộc, 150ml rượu. Ăn trứng gà với rượu.","Giải độc, giảm đau.","","","","",""
91,"CHỮA ĐAU RĂNG","CHÁO GẠO TẺ, MÀNG VỎ TRỨNG, THỊT NƯỚNG","Hư hỏa, đau răng (Đau răng do thiếu ngủ, lao lực, mỏi mệt hoặc cảm mạo phong hàn).","Hai màng vỏ trứng, 100g thịt lợn nướng, 100 g gạo tẻ. Tất cả cho vào nấu cháo.","Giảm đau, bổ dưỡng cơ thể.","","","","",""
91,"CHỮA ĐAU RĂNG","CHÁO TRỨNG GÀ MUỐI, SÒ BIỂN, GẠO TẺ","Đau răng.","Mỗi lần dùng 2 quả trứng vịt muối, 100g sò biển, 150g gạo tẻ. Tất cả nấu thành cháo.","Bổ âm, dưỡng máu, hạ hỏa, giảm đau.","","","","",""
91,"CHỮA ĐAU RĂNG","BÁNH QUẨY, ĐƯỜNG PHÈN","Hỏa hư, đau răng. Răng đau do thiếu ngủ, lao lực mệt mỏi, cảm mạo, phong hàn.","3 chiếc bánh quẩy để cách đêm, 100 g đường phèn, cho vào 2 bát nước đun sôi cho đến khi đường tan hết. Uống hết trong 1 lần.","Giảm đau, bổ dưỡng cơ thể.","","","","",""
91,"CHỮA ĐAU RĂNG","ĐƯỜNG PHÈN","Hư hỏa đau răng. Đau răng do thiếu ngủ, lao lực, mệt mỏi hoặc phong hàn, cảm mạo.","Lấy 100g đường phèn, đổ vào 1 bát nước. Sắc còn lại nửa bát, uống hết trong 1 lần.","Hạ hỏa, giảm đau.","","","","",""
91,"CHỮA ĐAU RĂNG","TRỨNG GÀ, LÁ HẸ","Phong hỏa, đau răng.","Lấy 3 quả trứng gà, 100g lá hẹ, 25g muối ăn, đổ muối vào, đun sôi, chín kỹ. Ăn vào lúc đói (sáng, chiều). Ăn liên tục 3 ngày sẽ thấy hiệu quả. Đau răng do sâu răng cũng dùng bài thuốc này đều có hiệu quả.","","","","","",""
91,"CHỮA ĐAU RĂNG","RỄ CÂY BÍ NGÔ, THỊT LỢN NẠC","Đau răng.","Rễ cây bí ngô, thịt lợn nạc, mỗi thứ 100g. Cho nước vừa đủ. Ninh nhừ, cho vào 1 ít muối ăn. Ăn thịt, uống nước.","","","","","",""
91,"CHỮA ĐAU RĂNG","CÂY HOA TÍM, GIẤM","Đau răng.","Lấy 15g cây hoa tím, bọc trong túi vải cho vào 25g giấm (giấm làm bằng nguyên liệu gạo). Đun nhỏ lửa. Sau khi chín kỹ vớt bỏ hoa tím. Nước để nguội dùng súc miệng.","Hạ hỏa, giảm đau.","","","","",""
91,"CHỮA ĐAU RĂNG","RỄ CÂY SƠN CHI, THỊT LỢN NẠC","đau do sâu răng, do phong hỏa.","Mỗi lần dùng 15 - 20g rễ sơn chi, 60g thịt lợn nạc, cho nước vừa đủ. Ninh nhừ, ăn thịt, uống nước. Mỗi ngày ăn 1 lần, ăn liên tục 3 - 4 ngày.","Thanh nhiệt, hạ hỏa, bổ máu, giảm đau.","","","","",""
91,"CHỮA ĐAU RĂNG","ĐƯỜNG TRẮNG, BỘT SẮN","Đau răng (do hạ hỏa, dạ dày nóng)","Mỗi lần dùng 20 - 30g bột sắn, đường trắng vừa đủ. Cho nước, nấu chè, ăn.","Giảm đau, thanh nhiệt.","","","","",""
91,"CHỮA ĐAU RĂNG","CỦ CẢI, LƯƠNG PHẤN THẢO","Đau răng.","Mỗi lần dùng 60g lương phấn thảo, 120g củ sắn dây. Đổ vào 6 bát nước, sắc còn 1 bát nước. Bỏ bã, uống nước. Có thể cho vào 1 bát đường trắng.","Thanh nhiệt, giải độc, hạ hỏa, giảm đau.","","","","",""
91,"CHỮA ĐAU RĂNG","ĐẬU PHỤ, THẠCH CAO","Nóng dạ dày, đau răng.","Mỗi lần dùng khoảng 50g thạch cao, 200g đậu phụ. Cho nước vừa đủ, đun sôi hơn 1 tiếng, cho 1 ít muối. Ăn cả nước và cái.","Hạ hỏa, giải độc, giảm đau.","","","","",""
92,"CHỮA CHỨNG VIÊM GIÁC MẠC VÀ MỀM NHŨN GIÁC MẠC","THẢO QUYẾT MINH, GAN GÀ","Phong nhiệt, mắt đỏ, mềm nhũn giác mạc.","Mỗi lần dùng 10 - 12g thảo quyết minh ngâm trong nước từ 4 - 6 tiếng, cho 2, 3 lá gan gà, cho dầu ăn, muối, xào chín để ăn.","Thanh nhiệt, sảng mát.","","","","",""
92,"CHỮA CHỨNG VIÊM GIÁC MẠC VÀ MỀM NHŨN GIÁC MẠC","NHỤY NHÂN NHỤC, GAN BÒ","Viêm giác mạc, gặp gió chảy nước mắt.","Mỗi lần dùng 15g nhụy nhân nhục, 150 - 200g gan bò, xào chín để ăn.","Mát, bổ dưỡng gan, sáng mắt.","","","","",""
92,"CHỮA CHỨNG VIÊM GIÁC MẠC VÀ MỀM NHŨN GIÁC MẠC","HOA DẠ HỢP HẤP VỚI GAN LỢN","Viêm giác mạc.","Mỗi lần dùng 10 - 12g hoa dạ hợp khô, ngâm vào nước từ 4 - 6 tiếng. Lấy 100 - 150g gan lợn, thái miếng. Trộn gan với hoa dạ hợp, nêm vào 1 ít muối. Hấp cách thủy. Ăn gan, uống nước.","Sáng mắt, bổ dưỡng gan, an thần.","","","","",""
92,"CHỮA CHỨNG VIÊM GIÁC MẠC VÀ MỀM NHŨN GIÁC MẠC","THẢO QUYẾT MINH, RONG BIỂN","Viêm giác mạc.","Mỗi lần dùng 20g rong biển, 10g thảo quyết minh. Đổ vào 2 bát nước sắc lấy 1 bát. Bỏ bã, uống nước.","Mát gan, sáng mắt.","","","","",""
92,"CHỮA CHỨNG VIÊM GIÁC MẠC VÀ MỀM NHŨN GIÁC MẠC","LÁ DÂU, GAN LỢN","Viêm giác mạc, gan nhiệt đau mắt.","Mỗi lần dùng 15g lá dâu, 10g gan lợn, thái thành miếng. Cho nước vừa đủ chín kỹ, cho muối gia vị. Ăn cả cái và nước.","Trừ phong, giải nhiệt, bổ gan, sáng mắt.","","","","",""
92,"CHỮA CHỨNG VIÊM GIÁC MẠC VÀ MỀM NHŨN GIÁC MẠC","CANH MƯỚP ĐẮNG THỊT LỢN NẠC","Viêm giác mạc.","Mỗi lần dùng 200g mướp đắng tươi, bỏ hạt, thái miếng, 100g thịt lợn nạc, thái miếng, cho nước vừa đủ, nấu chín kỹ cho vào ít muối ăn. Ăn cả cái và nước.","Thanh nhiệt, giải độc, mát máu.","","","","",""
92,"CHỮA CHỨNG VIÊM GIÁC MẠC VÀ MỀM NHŨN GIÁC MẠC","CHÁO LÁ KÊ THI ĐẰNG, GẠO TẺ","Viêm giác mạc.","Mỗi lần dùng 60g lá kê thi đằng, 30g gạo tẻ. Gạo tẻ nấu thành cháo. Cho lá kê thi đằng vào quấy nhừ. Có thể cho ít nước đường đỏ. Nấu thành cháo đường, ăn nóng.","","","","","",""
92,"CHỮA CHỨNG VIÊM GIÁC MẠC VÀ MỀM NHŨN GIÁC MẠC","HOA CÚC, CHÈ LONG TỈNH","Viêm giác mạc.","Mỗi lần dùng 10g hoa cúc, 3g chè long tỉnh (hoặc chè xanh). Hãm chè và hoa cúc vào nước sôi. Ủ nóng ít phút là uống được.","Trừ phong nhiệt, tiêu viêm mắt.","","","","",""
92,"CHỮA CHỨNG VIÊM GIÁC MẠC VÀ MỀM NHŨN GIÁC MẠC","TẾ THÁI, TÁO TÀU","Viêm giác mạc.","Mỗi lần dùng 90g tế thái tươi (khô thì 30g), 5- 6 quả táo. Cho vào 3 bát nước, sắc lấy 1 bát. Bỏ bã, uống nước.","Thanh nhiệt, giải độc, trừ phong, tiêu viêm.","","","","",""
92,"CHỮA CHỨNG VIÊM GIÁC MẠC VÀ MỀM NHŨN GIÁC MẠC","TRÀ HOA CÚC, ĐƯỜNG","Viêm giác mạc.","Mỗi lần dùng 15 - 30g hoa cúc, cho vào ấm pha trà. Hãm nước sôi, có thể cho vào ít đường, uống thay nước chè.","Giải độc, tiêu viêm.","","","","",""
92,"CHỮA CHỨNG VIÊM GIÁC MẠC VÀ MỀM NHŨN GIÁC MẠC","TRÂN CHÂU THẢO, GAN LỢN","Viêm giác mạc.","Mỗi lần dùng 60g (khô thì 30g) trân châu thảo, 60 - 100g gan lợn. Cho vừa đủ nước, nấu chín kỹ. Ăn cả nước lẫn cái, mỗi ngày 1 lần. Ăn liên tục 5 - 6 ngày.","","","","","",""
92,"CHỮA CHỨNG VIÊM GIÁC MẠC VÀ MỀM NHŨN GIÁC MẠC","DẠ MINH SA, GAN LỢN","Viêm giác mạc.","Mỗi lần dùng 60g dạ minh sa, 100g gan lợn tươi. Gan lợn thái nhỏ trộn với dạ minh sa. Hấp chín, ăn nóng 1 ngày hoặc cách 1 ngày ăn 1 lần. Ăn 3 - 4 ngày.","Bổ gan, bổ máu, sáng mắt.","","","","",""
92,"CHỮA CHỨNG VIÊM GIÁC MẠC VÀ MỀM NHŨN GIÁC MẠC","LÁ HẸ, GAN DÊ","Mềm nhũn giác mạc.","Mỗi lần dùng 100g lá hẹ, rửa sạch, thái khúc, 120g gan dê, thái lát, xào chín ăn.","Tăng cường khí huyết, sáng mắt mát mắt, khỏi màng mắt.","","","","",""
92,"CHỮA CHỨNG VIÊM GIÁC MẠC VÀ MỀM NHŨN GIÁC MẠC","CHU SA HẤP VỚI GAN GÀ","Mềm nhũn giác mạc.","Mỗi lần dùng 1 - 2 lá gan gà tươi, 0,3 - 0,5g chu sa. Trộn đều gan gà, chu sa. Hấp cách thủy, ăn.","Bổ gan, an thần, tăng khí huyết, sáng mắt.","","","","",""
92,"CHỮA CHỨNG VIÊM GIÁC MẠC VÀ MỀM NHŨN GIÁC MẠC","THẢO QUYẾT MINH, GAN GÀ","Mềm nhiễm giác mạc.","Mỗi lần dùng 10 - 12g thảo quyết minh ngâm nước 4 - 6 tiếng. Cho vào 2, 3 lá gan gà, cho muối xào với dầu ăn. Ăn nóng.","Bổ gan, dưỡng máu, mát gan, sáng mắt.","","","","",""
93,"CHỮA BỆNH LÒA","ĐOM ĐÓM HẦM THỊT","Bệnh lòa.","Lấy vài chục con đom đóm hầm với thịt, ăn 1 thang, đã thấy công hiệu. Dùng 3 thang bệnh sẽ đỡ.","Sáng mắt.","","","","",""
93,"CHỮA BỆNH LÒA","ĐẬU TƯƠNG, GAN GÀ","Bệnh lòa.","Đậu tương và gan lợn, mỗi thứ 100g. Ninh nhừ đậu tương, rồi cho gan lợn vào ninh tiếp cho chín kỹ. Chia làm 3 lần, ăn hết trong ngày. Chữa liên tục trong 3 tuần.","Sáng mắt.","","","","",""
93,"CHỮA BỆNH LÒA","RAU CHÂN VỊT, GAN LỢN","Bệnh lòa.","Rau chân vịt 250g, gan lợn 100g nấu chín, ăn nhạt, mỗi ngày 1- 3 lần.","Bổ gan, sáng mắt.","","","","",""
93,"CHỮA BỆNH LÒA","DẠ MINH SA, GAN LỢN","Bệnh lòa, đục thủy tinh thể.","Mỗi lần dùng 60g dạ minh sa (phân dơi sao khô) khoảng 100g gan lợn tươi. Gan lợn thái nhỏ, trộn với dạ minh sa, hấp chín kỹ, ăn mỗi ngày hoặc cách ngày ăn 1 lần. Chữa từ 3 - 5 lần sẽ có hiệu quả.","Bổ gan, sáng mắt.","","","","",""
93,"CHỮA BỆNH LÒA","CÀ RỐT XÀO GAN LỢN","Bệnh loà","Xào lẫn cà rốt với gan lợn để ăn. Hoặc dùng cà rốt làm thức ăn, ăn thường xuyên.","Bổ dưỡng gan, sáng mắt.","","","","",""
93,"CHỮA BỆNH LÒA","GAN BÒ, DÊ VÀ DẠ MINH SA (PHÂN DƠI KHÔ)","Bệnh lòa","Gan dê hoặc gan bò 1 bộ, dùng thanh tre khía ra vài chỗ, lấy 16 g dạ minh sa, 9 g thạch quyết minh tán nhỏ nhét vào lá gan. Hấp chín, chia làm 2 phần, ăn hết trong ngày, ăn vào lúc đói. Ăn liên tục 3 - 5 ngày. Hoặc dùng 100 g gan dê, 15g thương truật, hấp chín. Bỏ bã thuốc, ăn gan cũng được. Có thể dùng cả gan bò, dê gà - nấu hỗn hợp, hiệu quả càng cao.","Bổ gan, sáng mắt","","","","",""
93,"CHỮA BỆNH LÒA","LÁ HẸ, GAN DÊ","Bệnh lòa","Mỗi lần có thể dùng 100 g lá hẹ, rửa sạch, thái khúc, gan dê 120g thái miếng, xào chín ăn.","Bổ gan, sáng mắt.","","","","",""
93,"CHỮA BỆNH LÒA","NHỤY NHÂN NHỤC, GAN BÒ","Bệnh lòa","Mỗi lần dùng 15g nhụy nhân nhục 150 - 200g gan bò. Ninh nhừ ăn.","Mát gan, bổ gan, bổ âm, sáng mắt.","","","","",""
93,"CHỮA BỆNH LÒA","LÁ CÂU KỶ, GAN LỢN","Bệnh lòa","Mỗi lần dùng 100 g câu kỷ tươi, 100-120 g gan lợn. Ninh nhừ ăn. Có thể ăn vào 2 bữa cơm.","Thanh nhiệt, giải độc, bổ máu, sáng mắt.","","","","",""
93,"CHỮA BỆNH LÒA","GAN CÁ, TRỨNG GÀ, ĐẬU","Bệnh lòa","1 bộ gan cá, 2 quả trứng gà, 25g cháo đậu. Hấp chín kỹ ăn.","","","","","",""
93,"CHỮA BỆNH LÒA","CHU SA, GAN GÀ HẤP CÁCH THỦY","Bệnh lòa","Mỗi lần dùng 1 - 2 bộ gan gà tươi, chu sa 0,3 - 0,5g. Trộn gan gà với chu sa hấp cách thuỷ chín kỹ ăn.","Bổ gan, an thần, tăng cường khí huyết, sáng mắt.","không được dùng nhiều chu sa, dùng lâu, không được sao chế bằng lửa, vì sẽ nhả ra thuỷ ngân, gây trúng độc.","","","",""
93,"CHỮA BỆNH LÒA","LÁ DÂU, GAN LỢN","Bệnh lòa","Mỗi lần dùng 15g lá dâu, 100g gan lợn, thái thành miếng. Nấu chín cho 1 ít nước muối và gia vị. Ăn cả cái với nước.","Trừ phong, giải nhiệt, bổ gan, sáng mắt.","","","","",""
94,"CHỮA MẮT ĐỎ, SƯNG ĐAU","THẠCH QUYẾT MINH, HOA CÚC DẠI","Mắt đỏ, đau sưng.","Thạch quyết minh 50g, hoa cúc dại 25g, lá dâu 15g, cam thảo 1g. Sắc uống.","","","","","",""
94,"CHỮA MẮT ĐỎ, SƯNG ĐAU","THẢO QUYẾT MINH, GAN GÀ","Phong nhiệt, mắt đỏ, sưng đau.","Mỗi lần dùng 10 - 12g thảo quyết minh, ngâm nước 4- 5 tiếng, cho vào 2, 3 lá gan gà, cho dầu ăn, muối ăn. Hấp chín. Ăn gan gà.","","","","","",""
95,"CHỮA BỆNH THONG MANH","NƯỚC MẬT LỢN, ĐƯỜNG TRẮNG","Đau mắt, sưng đỏ, chảy nước mắt, đau chói, sợ ánh sáng.","Dùng 1 cái mật lợn hoặc 2 cái mật gà, chắt lấy nước mật, nấu chín, cho vào 1 ít đường trắng uống hết một lần.","Tiêu viêm, giảm đau","","","","",""
95,"CHỮA BỆNH THONG MANH","XUYÊN TÂM LIÊN, ĐƯỜNG VÀNG","Nóng mắt, sưng đỏ chảy nước mắt đỏ chói, sợ ánh sáng.","Xuyên tâm liên 100g, sắc kỹ pha ít đường vàng để uống.","Giải độc, giảm đau","","","","",""
95,"CHỮA BỆNH THONG MANH","ĐẬU VÀNG, ĐƯỜNG VÀNG","Nóng đau mắt, sưng đỏ chảy nước mắt, đau chói, sợ ánh sáng.","Đậu vàng 100 g, đổ nước, hầm nhừ, pha ít đường vàng để ăn.","Giảm đau, tiêu sưng","","","","",""
95,"CHỮA BỆNH THONG MANH","RAU CÂU KỶ NẤU VỚI GAN LỢN","Nóng đau mắt, sưng đỏ, chảy nước mắt đau chói, sợ ánh sáng.","Rau câu kỷ 250g, gan lợn 150g. Luộc chín rau câu kỷ nửa tiếng, rồi cho gan lợn vào, tiếp tục đun sôi chín kỹ. Chia làm 2, ăn hết trong ngày","","","","","",""
95,"CHỮA BỆNH THONG MANH","CÂY HOA CÚC","Nóng, đau mắt, sưng đỏ, chảy nước mắt đau chói, sợ ánh sáng.","Cây hoa cúc 50g, đổ vào một bát rưỡi nước sắc lấy 1 bát, uống hết 1 lần.","","","","","",""
95,"CHỮA BỆNH THONG MANH","MỘC NHĨ, CHÈ XANH, TRỨNG GÀ","Đau mắt nóng, sưng đỏ, chảy nước mắt, đau chói, sợ ánh sáng.","Mộc nhĩ 23g, lá chè xanh 10 g trứng gà 2 quả, đổ 2 bát nước, sắc lấy 1 bát. Uống hết trong 1 lần. Ăn trứng gà, mộc nhĩ.","","","","","",""
96,"CHỮA BỆNH ĐỤC THỦY TINH THỂ","THẠCH QUYẾT MINH, HUYỀN HỒ PHẤN","bệnh đục thủy tinh thể","Thạch quyết minh 30g, huyền hồ phấn 10g, đại hoàng 5 g, xác rắn 15g, xác ve 15g sắc lấy nước uống.","","","","","",""
96,"CHỮA BỆNH ĐỤC THỦY TINH THỂ","SÒ BIỂN, GAN LỢN","Bệnh đục thủy tinh thể","Sò, ngao biển, cốc tinh thảo, mỗi thứ 50g, sao khô tán nhỏ. Gan lợn lạng mỏng cho vào 5 g bột sò, cốc tinh thảo rải trên miếng gan, cuộn tròn lại, lấy dây buộc chặt, đổ vào 1 bát nước cơm, đun sôi cho gan chín kỹ, vớt ra, để nguội khi đi ngủ nhai nuốt với nước cơm. Kiêng cay.","","","","","",""
97,"CHỮA THỊ LỰC KÉM","CỦ HÀNH, CHAO ĐẬU, GAN LỢN","Chữa thị lực kém","Gan lợn 150g, hành 3 củ, chao đậu 25g. Giã nát hành, chao đậu, dùng dầu lạc xào chín, cho gan và 1 ít nước vào nấu chín. Ăn cả nước lẫn cái.","Bổ dưỡng gan, sáng mắt.","","","","",""
97,"CHỮA THỊ LỰC KÉM","MẬT DÊ, ĐẬU ĐEN","Gan hư, mắt hoa, nhìn không rõ.","Dùng 3 cái mật dê, 200g đậu đen, sao thơm. cho đậu đen vào trong túi mật, treo trước gió, phơi khô. Ngày ăn 2 lần, mỗi lần 3 viên, vào buổi sáng và buổi chiều.","Bổ dưỡng gan, sáng mắt","","","","",""
98,"CHỮA TAI Ù, ĐIẾC, NGHỄNH NGÃNG","ĐẬU PHỤ, QUẢ TRÁM MUỐI NẤU CÁ MỰC","Điếc nghễnh ngãng, nhọt trong tai","Cá quả, cá mực 250g, đậu phụ 50g, trám muối 4 quả. Ninh nhừ. Ăn cả nước lẫn cái.","Hạ hỏa, giảm đau","","","","",""
98,"CHỮA TAI Ù, ĐIẾC, NGHỄNH NGÃNG","GÀ TRỐNG ĐEN, RƯỢU (NẤU BẰNG GẠO NẾP)","Người già thận hư, tai điếc nghễnh ngãng","Gà trống đen 1 con, rượu 1000ml. Làm sạch gà, bỏ ruột. Cho gà vào rượu ninh nhừ, ăn thịt, uống nước.","Bổ thận, khỏi nghễnh ngãng","","","","",""
98,"CHỮA TAI Ù, ĐIẾC, NGHỄNH NGÃNG","LÁ HẸ, QUẢ CẬT LỢN","Người già thận hư, tai ù, điếc, nghễnh ngãng","Mỗi lần dùng 100g lá hẹ, rửa sạch, thái nhỏ. Quả cật lợn 1 chiếc, rửa sạch, thái mỏng, xào với dầu lạc, cho thêm muối ăn, gia vị. Ăn vào 2 bữa cơm.","Bổ thận tráng dương, khỏi nghễnh ngãng.","","","","",""
98,"CHỮA TAI Ù, ĐIẾC, NGHỄNH NGÃNG","CHÁO RAU CÚC, THỊT LỢN NẠC","Thận hư, tai ù.","Mỗi lần dùng 50 g rau cúc, 150 - 200 g thịt lợn nạc, băm lẫn thịt với rau, làm chả, cho dầu ăn, muối, bột đậu, trộn đều. Hấp cách thủy. Ăn vào 2 bữa cơm.","Bổ thận, bổ máu, khỏi ù tai.","","","","",""
98,"CHỮA TAI Ù, ĐIẾC, NGHỄNH NGÃNG","NHÂN HỒ ĐÀO, NGŨ VỊ TỬ, MẬT ONG","Thận hư, tai ù.","Mỗi lần dùng 5 - 6 quả hồ đào, bỏ vỏ lấy hạt 2 - 3 gam ngũ vị tử, rửa sạch mật ong vừa đủ. Tất cả quấy đều ăn hết 1 lần.","Bổ thận, khỏi ù tai","","","","",""
98,"CHỮA TAI Ù, ĐIẾC, NGHỄNH NGÃNG","NHỤC THUNG DUNG, QUẢ CẬT DÊ","ù tai, điếc nghễnh ngãng.","Mỗi lần dùng 15 - 30g nhục thung dung 1 đôi cật dê. Ninh nhừ, ăn một lần.","Bổ thận, tăng cường khí huyết","","","","",""
98,"CHỮA TAI Ù, ĐIẾC, NGHỄNH NGÃNG","QUẢ CẬT LỢN, ĐỖ TRỌNG","ù tai, điếc, nghễnh ngãng.","Mỗi lần dùng 15 - 30g đỗ trọng, 1 quả cật lợn. Ninh nhừ ăn hết 1 lần.","Bổ thận, khỏi nghễnh ngãng.","","","","",""
99,"CHỮA CHỨNG HƯ THOÁT","TRỨNG GÀ, HÀ THỦ Ô","Chữa hư thoát, già yếu trước tuổi","Hà thủ ô 60g. Trứng gà 2 quả. Cho vào nước đun sôi. Trứng chín bóc bỏ vỏ. Tiếp tục đun nhỏ lửa, ninh nhừ. Ăn trứng, uống nước.","Bồi dưỡng cơ thể.","","(Người mắc chứng hư thoát, thường huyết áp hạ, chân tay giá lạnh, mạch yếu, da xanh xao, môi nhợt nhạt).","","",""
99,"CHỮA CHỨNG HƯ THOÁT","MỠ CHIM SẤM","Chứng hư thoát","Mỗi lần uống 1 - 2 thìa mỡ chim sấm.","Bổ cơ thể, khỏi chứng hư thoát.","","(Người mắc chứng hư thoát, thường huyết áp hạ, chân tay giá lạnh, mạch yếu, da xanh xao, môi nhợt nhạt).","","",""
100,"CHỮA TÓC BẠC SỚM","HOA CÚC, HẠNH ĐÀO","Râu tóc bạc sớm","Hoa cúc, hạnh đào (hay hồ đào), vừng đen, câu kỷ tử, tán nhỏ, luyện với mật thành thuốc viên, mỗi viên khoảng 10g. Mỗi lần uống một viên. Mỗi ngày 3 viên uống với nước đun sôi, vào lúc đói.","Tóc đen","","","","",""
100,"CHỮA TÓC BẠC SỚM","VỪNG ĐEN, HÀ THỦ Ô HOÀN","Râu tóc bạc sớm","Vừng đen, hà thủ ô tán nhỏ, luyện với mật, thành từng viên, mỗi viên khoảng 6 g. Mỗi ngày uống 3 lần, mỗi lần uống 1 viên uống liên tục nhiều tháng.","Hết tóc bạc, mọc tóc đen.","","","","",""
100,"CHỮA TÓC BẠC SỚM","CAO QUẢ DÂU, MẬT ONG","Tóc bạc sớm.","Đun quả dâu đã chín nẫu, màu tím, giã nát, dùng vải thưa lọc lấy nước cốt, cho vào nồi đất đun nhỏ lửa, nước đặc, hòa mật ong vừa đủ vào, đun tiếp thành cao. Để nguội, ngày 2 lần (sáng, chiều) uống với nước sôi.","Đen tóc.","","","","",""
101,"CHỮA NHỨC ĐẦU","THANH TƯƠNG TỬ","Bệnh nhức đầu (bệnh trạng : nhức đầu, đau buốt như muốn vỡ đầu, sốt cao mắt đỏ, tim đập loạn nhịp, miệng khát, bí ỉa, lưỡi đỏ, bựa vàng, mạch nhanh)","Thanh tương tử 30g ngâm vào nước lạnh, đun nhỏ lửa, sắc lấy 3 bát nước, bỏ bã. Tiếp tục sắc đến lúc thành dạng sền sệt cho vào 400g đường trắng, quấy đều để nguội, cho vào lọ dùng dần. Mỗi lần dùng 10g, hoà vào nước sôi để uống. Mỗi ngày uống 3 lần.","Trị phong, giải nhiệt giảm đau.","","","","",""
101,"CHỮA NHỨC ĐẦU","BỘT THẠCH SÙNG","Đau dây thần kinh số 5","Lấy con thạch sùng còn tươi, sấy nhỏ lửa khô giòn, tán thành bột. Quá trình sao khô sẽ có tác dụng tiêu độc. Gói bột thạch sùng kín trong túi để dùng dần. Mỗi lần uống 4 - 5g (khoảng 9, 10 con thạch sùng, chia làm 3 lần. Một đợt uống liên tục trong 15 ngày. Người bệnh nặng có thể uống 3 - 5 đợt (nói chung không độc và không có phản ứng xấu). Cá biệt có con bệnh có phản ứng nhẹ như: da ngứa ngáy, trên da có nốt lấm tấm (tụ máu trên da), nhức đầu.... ngừng uống thuốc thì những phản ứng trên sẽ hết.","","","","","",""
101,"CHỮA NHỨC ĐẦU","ĐẦU CÁ MÔ RUY, GỪNG TƯƠI, RƯỢU","Đau nửa đầu, khi đau khi khỏi","Đầu cá mô ruy 1 chiếc. Gừng tươi 50g, rượu 200ml, cho vào nửa bát nước, nấu chín nhừ, ăn hết 1 lần.","Bổ gan, giảm đau.","","","","",""
101,"CHỮA NHỨC ĐẦU","TRÀ HOA CÚC ĐƯỜNG","Phong nhiệt, nhức đầu","Mỗi lần dùng 15 - 30g hoa cúc, cho vào ấm chuyên hãm nước sôi như hãm chè, pha vào 1 ít đường. Cũng có thể sắc hoa cúc lấy nước (bỏ bã), pha đường, uống như uống nước chè.","Trừ phong, giảm đau.","","","","",""
101,"CHỮA NHỨC ĐẦU","XUYÊN KHUNG, BẠCH CHỈ, ĐẦU CÁ","Nhức đầu","Đầu cá mô ruy 1 cái, xuyên khung 3-9 gam, bạch chỉ 6-9g. Đem tất cả ninh nhừ. Ăn cả cái lẫn nước.","Trừ phong, giảm đau","","","","",""
101,"CHỮA NHỨC ĐẦU","RAU MÙI, TRỨNG GÀ","Nhức đầu do thần kinh","Mỗi lần dùng 30 - 60g rau mùi tươi, cho vào 2 bát nước, sắc lấy 1 bát bỏ bã, một quả trứng gà luộc chín, bóc bỏ vỏ cho vào nước rau mùi, đánh tan, quấy đều đun sôi ít phút, uống hết 1 lần.","Trừ phong, bổ dạ dày, điều hoà khí huyết, giảm đau","","","","",""
101,"CHỮA NHỨC ĐẦU","XUYÊN KHUNG, CHÈ XANH ĐƯỜNG","Nhức đầu do phong hàn, máu hư","Mỗi lần dùng 6g xuyên khung, 6g chè xanh, một ít đường đỏ. Cho vào 1 bát rưỡi nước, sắc lấy 1 bát, bỏ bã, uống nước.","Trừ phong, giảm đau","","","","",""
101,"CHỮA NHỨC ĐẦU","THẢO QUYẾT MINH, RONG BIỂN","Nhức đầu do gan bốc hỏa","Mỗi lần dùng 20g rong biển 10g thảo quyết minh, cho vào 2 bát nước, sắc lấy 1 bát, bỏ bã, uống nước","Mát gan, giảm đau","","","","",""
101,"CHỮA NHỨC ĐẦU","SƠN TRA, LÁ SEN","Nhức đầu do gan bốc hỏa","Mỗi lần dùng 30g sơn tra, 12g lá sen, cho vào 2 bát nước, sắc lấy 1 bát, bỏ bã, uống nước.","Giải nhiệt, giảm đau","","","","",""
101,"CHỮA NHỨC ĐẦU","KỶ TỬ, ÓC DÊ","Nhức đầu do huyết hư","Mỗi lần dùng 30g kỷ tử, 1 bộ óc dê hấp cách thủy cho gia vị. Ăn hết 1 lần.","Bổ não, giảm đau","","","","",""
101,"CHỮA NHỨC ĐẦU","HOA CÚC, CHÈ LONG TỈNH","Nhức đầu do gan, dương hư.","Lấy 10g hoa cúc, 30g chè Long tỉnh, hoặc chè xanh, hãm với nước sôi. Uống nóng. Uống thường xuyên, hiệu quả rất tốt.","Bổ gan, giảm đau.","","","","",""
102,"CHỮA TÊ LIỆT THẦN KINH MẶT","TẰM, BỌ CẠP TOÀN TÍNH, PHỤ TỬ","Thần kinh mặt tê liệt","Tằm 15g, bọ cạp toàn tính 15g, phụ tử 15g, nam tinh 15g. Tất cả tán nhỏ, uống với nước. Mỗi lần uống 5g, ngày uống 3 lần","","","","","",""
102,"CHỮA TÊ LIỆT THẦN KINH MẶT","CON RẾT, PHÒNG PHONG","Thần kinh mặt tê liệt","Rết 2 con, phòng phong 25g, rết sao vàng tán nhỏ, sắc với phòng phong. Uống hết 1 lần.","","","","","",""
103,"CHỮA BỆNH CHÓNG MẶT","HOA CÚC, HOA HÒE, CHÈ XANH","Bệnh chóng mặt (bệnh trạng, đau đầu, mắt hoa, đau đầu khi tức giận đau đầu nhiều, dữ dội, tim đập loạn nhịp miệng khát, mắt đỏ, đau lưỡi, miệng đắng, lưỡi đỏ, bựa lưỡi vàng, mạch căng).","Hoa cúc, hoa hòe, chè xanh, mỗi thứ 3g. Hãm với nước sôi trong 5 phút, uống dần dần, thay nước chè sẽ có kết quả.","Bình ổn gan, bổ dưỡng","","","","",""
103,"CHỮA BỆNH CHÓNG MẶT","BỘT QUẢ NGÂN HẠNH","Người già hỏa vượng, đau đầu, ngất thường xuyên","2 quả ngân hạnh tươi bỏ vỏ, tán nhỏ uống với nước sôi vào buổi sáng, lúc đói","","","","","",""
103,"CHỮA BỆNH CHÓNG MẶT","ĐẦU CÁ MÔ RUY, HÀNH, RƯỢU","phụ nữ nhức đầu","Một đầu cá mô ruy, 6 củ hành tươi, 100ml rượu trắng, 1 bát nước. Rán thơm đầu cá, rồi cho rượu, hành, nước vừa đủ, ninh nhừ, cho muối ăn. Ăn hết 1 lần.","An thần, khỏi váng đầu","","","","",""
103,"CHỮA BỆNH CHÓNG MẶT","NHÂN QUẢ HẠNH ĐÀO, VỪNG ĐEN HOÀN","Nhức đầu hoa mắt do gan thận hư","Nhân hạnh đào, vừng đen, kỷ tử, hoa cúc sao vàng tán nhỏ, luyện với mật, làm thành viên. Mỗi viên 10g. Mỗi lần uống 1 viên, mỗi ngày uống 3 lần, uống với nước sôi vào lúc đói.","Bồi dưỡng gan thận, an thần.","","","","",""
103,"CHỮA BỆNH CHÓNG MẶT","THIÊN MA, ÓC LỢN","Nhức đầu hoa mắt","Mỗi lần dùng 10g thiên ma, 1 bộ óc lợn hấp cách thủy. Mỗi ngày hoặc cách ngày ăn một lần. Ăn 3 - 4 lần sẽ thấy kết quả.","Trừ phong, điều hoà thông mạch.","","","","",""
103,"CHỮA BỆNH CHÓNG MẶT","HOÀI SƠN, KỶ TỬ, ÓC LỢN","Huyết hư, chóng mặt","Mỗi lần dùng 1 bộ óc lợn, 30g hoài sơn, 10g kỷ tử. Ninh nhừ, ăn cả cái với nước.","Bổ huyết, khỏi nhức đầu hoa mắt","","","","",""
103,"CHỮA BỆNH CHÓNG MẶT","HÀ THỦ Ô, TRỨNG GÀ","Nhức đầu, hoa mắt","Mỗi lần dùng khoảng 60g hà thủ ô, 2 quả trứng gà, cho vào nước đun sôi. Trứng chín, bóc bỏ vỏ, tiếp tục đun sôi kỹ. Ăn trứng, uống nước.","Sinh huyết, giảm nhức đầu, hoa mắt","","","","",""
103,"CHỮA BỆNH CHÓNG MẶT","XUYÊN KHUNG, TRỨNG GÀ","Nhức đầu, hoa mắt","Mỗi lần có thể dùng 6-9g xuyên khung 2 quả trứng gà, cho vào nước đun sôi, trứng chín bóc bỏ vỏ, tiếp tục đun sôi kỹ. Ăn trứng, uống nước","Bổ dưỡng cơ thể, sinh huyết","","","","",""
103,"CHỮA BỆNH CHÓNG MẶT","ĐẬU ĐEN, CÁ","Chóng mặt","Mỗi lần dùng 60 - 90g đậu đen, cá diếc 2 - 4 con, rửa sạch. Đổ nước vừa đủ, đun nhỏ lửa. Ninh nhừ, ăn nóng.","Bổ huyết, bổ thận, khỏi chóng mặt.","","","","",""
103,"CHỮA BỆNH CHÓNG MẶT","CHÁO SÒ BIỂN, VỎ TRỨNG, GẠO TẺ","Chóng mặt ù tai","Mỗi lần dùng 30g sò biển, 1 vỏ trứng, gạo tẻ vừa đủ. Tất cả nấu thành cháo, cho vào một ít muối, ăn nóng.","Bổ dưỡng, hạ hỏa","","","","",""
103,"CHỮA BỆNH CHÓNG MẶT","KỶ TỬ HẤP ÓC DÊ","Huyết hư, chóng mặt","Mỗi lần dùng 30g kỷ tử, 1 bộ óc dê. Hấp cách thủy.","Bổ thận, gan, não, an thần","","","","",""
104,"CHỮA BỆNH TRĨ","MỘC NHĨ, ĐƯỜNG TRẮNG","Trĩ nội, trĩ ngoại, khi đi ỉa, hậu môn chảy máu","Mộc nhĩ 50g, đường trắng 100g, sắc lấy 1 bát nước. Ăn cái, uống nước.","Mát máu, cầm máu","","","","",""
104,"CHỮA BỆNH TRĨ","RAU CÚC, ĐƯỜNG ĐỎ","Trĩ nội, trĩ ngoại, khi ỉa hậu môn đau chảy máu.","Rau cúc 100g, đường đỏ 100g, cho 1 bát nước. Ninh nhừ, ăn cái, uống nước.","Tiêu viêm, cầm máu","","","","",""
104,"CHỮA BỆNH TRĨ","ĐẬU XANH, ĐẠI TRÀNG LỢN","Trĩ nội, trĩ ngoại. Khi ỉa hậu môn đau, chảy máu.","Đậu xanh 200g, đại tràng 1 khúc. Nhồi đậu xanh vào đại tràng, buộc chặt 2 đầu. Ninh nhừ ăn cái lẫn nước.","","","","","",""
104,"CHỮA BỆNH TRĨ","CÁ DIẾC, LÁ HẸ","Trĩ nội, trĩ ngoại","Cá diếc 1 con, lá hẹ 200g, nấu chín kỹ, ăn cái, uống nước.","Mát máu, cầm máu","","","","",""
104,"CHỮA BỆNH TRĨ","HOA HÒE, THỊT LỢN NẠC","Trĩ nội, trĩ ngoại","Hoa hòe 15g sao kỹ. Quả xộp xộp 15g thịt lợn nạc 100g, cho nước vừa đủ, nấu chín kỹ. Mỗi ngày hoặc cách ngày ăn một lần. Người bệnh nhẹ ăn liên tục 3 - 5 lần người bệnh nặng ăn nhiều lần.","Tăng cường khí huyết, cầm máu","","","","",""
104,"CHỮA BỆNH TRĨ","MẬT LỢN, CAM THẢO, ĐƯỜNG, MẬT ONG HOÀN","Trĩ nội, trĩ ngoại, chảy máu","Mật lợn 7 chiếc, bột cam thảo 200g, đường đỏ, đường trắng, mật ong, mỗi loại 200g. Trước hết cho đường mật ong vào đun sôi, cho bột cam thảo vào quấy đều, sau đó cho mật lợn vào, đun nhỏ lửa, cô đặc thành cao để nguội viên thành từng viên. Mỗi lần ăn 15g. Ngày 2 lần vào buổi sáng, chiều uống với nước sôi.","cầm máu, tiêu viêm.","","","","",""
104,"CHỮA BỆNH TRĨ","VỪNG ĐEN ĐƯỜNG ĐỎ","Trĩ nội, trĩ ngoại, chảy máu.","Vừng đen 500g, đường đỏ 500g. Vừng đen sao thơm. cho đường đỏ vào quấy đều. Ăn nhiều lần trong ngày tuỳ ý.","Bổ khí huyết, cầm máu.","","","","",""
104,"CHỮA BỆNH TRĨ","MỘC NHĨ ĐEN NẤU VỚI TÁO TÀU","Trĩ nội, trĩ ngoại, chảy máu","Dùng 15-30g mộc nhĩ đen, 20-30 quả táo tàu. Nấu chín ăn. Mỗi ngày ăn lần 1 lần. Chữa liên tục nhiều ngày.","Bổ huyết, cầm máu","","","","",""
104,"CHỮA BỆNH TRĨ","RAU DỀN GAI, ĐẠI TRÀNG LỢN","Trĩ nội, ngoại viêm, chảy máu","Mỗi lần dùng 100 - 120g rau dền gai (hoặc rau dền dại) tươi: 150 - 200g đại tràng lợn, rửa sạch. Tất cả ninh nhừ 1 tiếng trở lên. Ăn cái, uống nước","Cầm máu, tiêu viêm.","","","","",""
104,"CHỮA BỆNH TRĨ","ĐƯỜNG TRẮNG, DẠ DÀY CÁ HẤP CÁCH THỦY","Bệnh trĩ","Mỗi lần dùng 15 - 30g dạ dày cá, 30-60g đường trắng. Hấp cách thủy, cho gia vị, ăn nóng. Mỗi ngày ăn 1 lần, ăn liên tục nhiều ngày.","Tăng khí huyết, cầm máu, hạn chế phát triển trĩ","","","","",""
104,"CHỮA BỆNH TRĨ","QUẢ XỘP XỘP, THỊT LỢN NẠC","Bệnh trĩ:","Mỗi lần dùng 60g quả xộp xộp 100 - 120 thịt lợn nạc. Hấp cách thủy.","Ngoài tác dụng chữa bệnh trĩ, bài thuốc này còn có thể chữa viêm ruột.","","","","",""
104,"CHỮA BỆNH TRĨ","RAU CÂU","Bệnh trĩ ở thời kỳ đầu","Rau câu rồng (còn gọi là rong đỏ, rau gạc hươu) 30g đường trắng vừa đủ. Giã nát, hấp cách thủy. Ăn vào 2 buổi (sáng, chiều) 1 lần 3 thìa","Thanh nhiệt, tiêu phù, cầm máu.","","","","",""
104,"CHỮA BỆNH TRĨ","HOA HÒE, LÁ LÁCH BÒ","Bệnh trĩ, chảy máu","Mỗi lần 60g hoa hòe, khoảng 200 - 250 g lá lách bò. Ninh nhừ, cho 1 ít muối. Ăn cả cái lẫn nước.","Thanh nhiệt, mát máu, cầm máu.","","","","",""
104,"CHỮA BỆNH TRĨ","RAU HOA CÚC, NƯỚC ĐƯỜNG","Bệnh trĩ, chảy máu","Mỗi lần dùng 60g hoa cúc, đường đỏ vừa đủ, đổ nước vào, nấu chín. Ăn vào buổi sáng sớm hàng ngày lúc đói. Điều trị liên tục 3 - 4 ngày.","Thanh nhiệt, mát máu, cầm máu","","","","",""
104,"CHỮA BỆNH TRĨ","TÁO TÀU, QUẢ TỬ LI","Bệnh trĩ, chảy máu, đau","Mỗi lần dùng 150 - 200g quả tử li;10 - 15 quả táo. Hấp cách thủy, cho thêm gia vị, ăn.","Bổ máu, cầm máu","","","","",""
104,"CHỮA BỆNH TRĨ","HOA MÀO GÀ, TRỨNG GÀ","Bệnh trĩ, chảy máu","Mỗi lần dùng 15 - 30 g hoa mào gà trắng cho vào 2 bát nước, sắc lấy 1 bát, bỏ bã, Đập 2 quả trứng gà, quấy đều, đun sôi lên là ăn được. Mỗi ngày ăn một lần. Ăn liên tục 3 - 4 lần","Mát máu, cầm máu","","","","",""
104,"CHỮA BỆNH TRĨ","ĐƯỜNG PHÈN, CHUỐI TIÊU","Bệnh trĩ, táo bón, máu ra nhỏ giọt","Mỗi ngày dùng 1 - 2 quả chuối tiêu, bóc vỏ, trộn vào 1 ít đường phèn. Hấp cách thủy, chia 2 phần, ăn hết trong ngày. Điều trị liên tục nhiều ngày.","Nhuận tràng, cầm máu","","","","",""
104,"CHỮA BỆNH TRĨ","GIẤM CHUA NẤU TIẾT DÊ","Bệnh trĩ thời kỳ đầu, có chảy máu","Mỗi lần dùng 200g tiết dê đông, cắt thành miếng nhỏ, cho vào 1 bát giấm chua nấu chín. 1 ít muối ăn. Ăn tiết dê (cũng có thể uống nước giấm)","Khỏi tụ máu, cầm máu, tăng khí huyết.","","","","",""
104,"CHỮA BỆNH TRĨ","QUẢ XỘP XỘP, ĐƯỜNG PHÈN","Bệnh trĩ, chảy máu, táo bón","Mỗi lần dùng 30g quả xộp xộp, đường phèn vừa đủ. Ninh nhừ, uống nước. Mỗi ngày uống 1 lần. Điều trị liên tục 3 - 5 ngày sẽ có hiệu quả.","Giải độc, cầm máu","","","","",""
104,"CHỮA BỆNH TRĨ","HOA BẠCH LAN, THỊT LỢN NẠC","Bệnh trĩ, chảy máu","Mỗi lần dùng 30g hoa bạch lan, 150g thịt lợn nạc, cho nước vừa đủ ninh nhừ, cho vào 1 ít muối. Ăn cả cái lẫn nước.","Mát máu, cầm máu.","","","","",""
104,"CHỮA BỆNH TRĨ","QUẢ CÀ","Trĩ nội thời kỳ đầu, táo bón, viêm, chảy máu","Mỗi lần dùng 1 - 2 quả cà, rửa sạch trộn vào 1 ít dầu ăn, muối ăn. Hấp cách thủy. Ăn cả cái và nước","","","","","",""
104,"CHỮA BỆNH TRĨ","ĐƯỜNG PHÈN, QUẢ HỒNG KHÔ","Bệnh trĩ","Mỗi lần dùng 3 quả hồng khô, rửa sạch cho vào 1 ít đường phèn. Hấp cách thủy. Khi quả hồng mềm nhũn là ăn được.","Tiêu viêm, cầm máu","","","","",""
105,"CHỮA RA MỒ HÔI TRỘM","SA SÂM, ĐÔNG TRÙNG HẠ THẢO, THỊT RÙA","Ra mồ hôi trộm","Mỗi lần dùng 60g sa sâm, 12g đông trùng hạ thảo, 1-2 con rùa, mổ rùa bỏ mật gan, rửa sạch, lọc lấy thịt. Thịt rùa, sa sâm, đông trùng hạ thảo cho vào nồi. Đậy vung kín, ninh nhừ, cho muối. Ăn cả nước lẫn cái.","Tăng cường khí huyết, không ra mồ hôi.","","","","",""
105,"CHỮA RA MỒ HÔI TRỘM","SÒ, HẾN, RỄ CÂY LÁ HẸ","Đêm ngủ ra mồ hôi trộm","Sò biển 100g thịt hến 100g, rễ cây hẹ 50g ninh nhừ ăn hết 1 lần","Tăng khí huyết khỏi ra mồ hôi trộm","","","","",""
105,"CHỮA RA MỒ HÔI TRỘM","TIỂU MẠCH, TÁO TÀU, LONG NHÃN","Thường xuyên ra mồ hôi trộm (kể cả trời nóng lạnh)","Tiểu mạch 50g, táo tàu 10 quả, long nhân 25g, đổ nước nấu canh ăn.","","","","","",""
105,"CHỮA RA MỒ HÔI TRỘM","MỘC NHĨ, TÁO TÀU","Chữa ra mồ hôi trộm","Mộc nhĩ, táo tàu, mỗi thứ 25g, nước 500g, sắc lấy 400g, chia thành 3 lần, uống hết trong ngày. Điều trị liên tục 5 ngày có thể khỏi bệnh.","Tăng cường khí huyết, khỏi ra mồ hôi trộm.","","","","",""
105,"CHỮA RA MỒ HÔI TRỘM","ĐẬU TƯƠNG, TÁO TÀU, HẠT TIỂU MẠCH LÉP","Cơ thể suy nhược, ra mồ hôi trộm","Đậu tương 100g, hạt tiểu mạch lép 50g, táo 5 quả, đổ nước, nấu chín, ăn","Bổ dưỡng cơ thể, không ra mồ hôi trộm","","","","",""
105,"CHỮA RA MỒ HÔI TRỘM","CANH CÁ QUẢ (CÁ CHUỐI)","Trẻ em ra mồ hôi trộm","Cá quả khoảng 100g, rửa bằng nước sôi cho sạch nhớt, bỏ hết ruột gan, mật, dùng dầu ăn rán vàng, cho vào 1 bát rưỡi nước. Ninh nhừ, lấy nửa bát nước cho vào 1 ít muối. Ăn cả cái lẫn nước ăn hết 1 lần trong ngày. Ăn liên tục 3 ngày","Tăng cường khí huyết, khỏi ra mồ hôi trộm","","","","",""
105,"CHỮA RA MỒ HÔI TRỘM","LÁ HẸ, TÔM TƯƠI","Ra mồ hôi trộm","Mỗi lần có thể dùng 150g lá hẹ, 250g tôm nước ngọt tươi (bóc bỏ vỏ) xào chín, ăn vào 2 bữa cơm. Nếu dùng chữa bệnh liệt dương, cần trộn vào ít rượu trắng, ăn với cơm. Rán thịt tôm với dầu lạc, rồi cho lá hẹ vào xào ăn, chữa bệnh càng tốt.","Tăng cường khí huyết, ra mồ hôi trộm.","Nam thanh niên, thân thể cường tráng, dương thịnh thì không nên ăn.","","","",""
105,"CHỮA RA MỒ HÔI TRỘM","THỊT BÒ, BẮC HOÀNG KỲ","Cơ thể suy nhược, ra mồ hôi trộm","Thịt bò 250g, bắc hoàng kỳ, đẳng sâm hoài sơn, cám tiểu mạch, mỗi thứ 50g. Ninh nhừ, cho vào ít muối ăn cả nước lẫn cái.","Bổ dưỡng cơ thể, khỏi ra mồ hôi trộm","","","","",""
105,"CHỮA RA MỒ HÔI TRỘM","HẠT TIỂU MẠCH LÉP, TÁO TÀU","Ra mồ hôi trộm","Táo 30g, tiểu mạch lép 30g, sắc lấy nước uống, mỗi ngày 1 lần","Tăng cường khí huyết, ngừng ra mồ hôi trộm","","","","",""
105,"CHỮA RA MỒ HÔI TRỘM","GẠO NẾP, HẠT TIỂU MẠCH LÉP","Khí huyết kém ra mồ hôi trộm","Gạo nếp 100g sao vàng, 50g hạt tiểu mạch lép sao vàng. Tất cả tán thành bột. Mỗi lần 10g uống với nước cơm.","Tăng cường khí huyết, ngừng ra mồ hôi","","","","",""
105,"CHỮA RA MỒ HÔI TRỘM","THÓC NẾP","Ra mồ hôi nhiều","Mỗi lần dùng 60g thóc nếp, cho vào chảo, đun nhỏ lửa, rang đến khi hạt nẻ, cho nước và 1 ít muối sắc kỹ lấy nước uống. Mỗi ngày 1 lần, điều trị liên tục 3 - 5 ngày:","Tăng cường khí huyết, ngừng ra mồ hôi.","","","","",""
105,"CHỮA RA MỒ HÔI TRỘM","LÁ CÂY SƠN TRA, GẠO NẾP","Ra mồ hôi trộm","Mỗi lần dùng 250g gạo nếp, ngâm nước trong 1 đêm, lá cây sơn tra tươi đủ dùng, rửa sạch, dùng lá sơn tra gói gạo nếp thành bánh chưng, luộc kỹ. Mỗi ngày ăn 1 lần. Điều trị liên tục 3- 4 ngày.","Tăng cường khí huyết, bổ trung khỏi ra mồ hôi. Bài thuốc này có thể chữa trị ra mồ hôi nhiều sau khi đẻ và các chứng bệnh ra mồ hôi khác do huyết hư.","","","","",""
105,"CHỮA RA MỒ HÔI TRỘM","ĐẬU ĐEN, LONG NHÃN, TÁO TÀU","ra mồ hôi trộm do âm hư","Mỗi lần dùng 50g đậu đen, 15g long nhân, 50g táo tàu, cho vào 3 bát nước sắc lấy 2 bát chia làm 2, uống vào 2 buổi sáng, chiều.","Kiện vị, bổ thận, bổ tâm khí, bổ máu bài thuốc này bồi dưỡng cho người cao tuổi vào mùa đông rất tốt. Bài thuốc này cũng dùng để chữa chứng ra mồ hôi trộm.","","","","",""
105,"CHỮA RA MỒ HÔI TRỘM","LÁ HẸ, QUẢ CẬT LỢN","Ra mồ hôi trộm","Mỗi lần dùng 100g lá hẹ tươi, rửa sạch, thái nhỏ; quả cật lợn rửa sạch thái mỏng, cho dầu lạc, muối, xào chín. Ăn vào 2 bữa cơm.","Bổ thận, khỏi chứng ra mồ hôi trộm","","","","",""
105,"CHỮA RA MỒ HÔI TRỘM","CAM THẢO, TIỂU MẠCH, TÁO TÀU","Ra mồ hôi trộm","Mỗi lần dùng 10g cam thảo, 30g tiểu mạch, 5g táo tàu. Dùng 2 bát nước, sắc lấy 1 bát, bỏ bã, uống nước.","Bổ tim, an thần, tăng khí huyết. Bổ tỳ vị, khỏi ra mồ hôi trộm.","","","","",""
105,"CHỮA RA MỒ HÔI TRỘM","HẠT TIỂU MẠCH LÉP, DẠ DÀY DÊ","Trẻ em ra mồ hôi trộm do tỳ hư, âm hư:","Mỗi lần dùng 30 - 50g hạt tiểu mạch lép, 150 - 200g dạ dày dê, rửa sạch, thái nhỏ, cho nước vừa đủ. Ninh nhừ. Ăn cả nước và cái.","Tăng cường khí huyết. Khỏi ra mồ hôi trộm","","","","",""
106,"CHỮA BỆNH PHONG THẤP","Ý DĨ","Viêm khớp do phong thấp.","Mỗi lần dùng 100g ý dĩ. Ninh nhừ trộn với 500g gạo nếp thổi thành xôi ý dĩ, giải mỏng, để nguội, rắc men, ủ thành rượu nếp. Hàng ngày ăn tuỳ ý vào 2 bữa cơm.","Bổ tỳ vị, mạnh gân cốt, trừ phong thấp","","","","",""
106,"CHỮA BỆNH PHONG THẤP","RẮN NGÂM RƯỢU","Phong thấp, đau xương","Rắn hoa cò 5 con, rượu trắng (50° trở lên) 2 lít rưỡi, ngâm sau 1 tháng có thể dùng được. Uống rượu rắn trước bữa ăn hàng ngày.","Trừ phong thấp, giảm đau khớp","","","","",""
106,"CHỮA BỆNH PHONG THẤP","XƯƠNG ỐNG CHÂN DÊ NGÂM RƯỢU","Đau xương ống chân","Xương ống chân dê số lượng tuỳ ý, ngâm rượu uống.","mạnh gân cốt, giảm đau","","","","",""
106,"CHỮA BỆNH PHONG THẤP","KHOAI LANG RUỘT VÀNG VỎ TRẮNG","Đau co rút gan bàn chân","Lấy 500g khoai lang vỏ trắng ruột vàng, thái miếng luộc chín, ngâm vào 200ml rượu trắng, sau 1 tháng đem ra uống. Tuỳ theo khả năng uống của từng người. Uống trong 1 tháng.","Giảm đau, giãn gân cốt.","","","","",""
106,"CHỮA BỆNH PHONG THẤP","MỘC NHĨ, NHÂN QUẢ ĐÀO, MẬT ONG","Đau tê liệt tứ chi do phong thấp.","Mộc nhĩ 50g, nhân quả đào 15g, mật ong 50ml. Mộc nhĩ ngâm nước nóng, rửa sạch, rồi ninh nhừ với nhân hạt đào. Sau đó trộn mật ong, rượu, quấy đều, ăn nóng.","Sinh huyết, giãn gân cốt","","","","",""
106,"CHỮA BỆNH PHONG THẤP","HỒ TIÊU, THỊT RẮN","Viêm khớp do phong thấp, hoặc phong hàn","Mỗi lần dùng 40 - 60g rễ cây hồ tiêu, khoảng 250g thịt rắn (nếu là rắn độc thì chặt bỏ đầu). Ninh nhừ ăn. Sau khi ninh nhừ, nếu được mật của con rắn khác đã luộc chín hoà vào ăn thì rất tốt.","Khử hàn, trừ thấp","","","","",""
106,"CHỮA BỆNH PHONG THẤP","HỒ TIÊU, ĐUÔI LỢN","Viêm khớp do phong thấp","Mỗi lần dùng 100g rễ cây hồ tiêu một cái đuôi lợn. Ninh nhừ, bỏ bã, ăn thịt, uống nước.","Trừ thấp, tiêu viêm","","","","",""
106,"CHỮA BỆNH PHONG THẤP","THIÊN CÂN BÁ, CHÂN LỢN","Đau, tê thấp, do phong thấp.","Mỗi lần dùng 60g thiên cân bá, 1 cái chân lợn, chặt nhỏ chân lợn. Tất cả cho vào ninh nhừ, cho vào ít muối. Ăn cả cái lẫn nước.","Trừ phong thấp, giãn gân cốt, khoẻ lưng, chân.","","","","",""
106,"CHỮA BỆNH PHONG THẤP","NHÂN SÂM, RẮN BỜM NGỰA","Đau mỏi lưng gối do thận hư. Đau gân cốt do phong thấp.","Mỗi lần dùng 2 con rắn bờm ngựa, lột da, bỏ mật gan, cho vào 6 g sâm cao ly hoặc 10g sâm cát lâm. Hấp cách thủy ăn.","Tăng khí huyết, bổ âm, bổ thận, trừ phong thấp.","","","","",""
106,"CHỮA BỆNH PHONG THẤP","CÀNH DÂU, GÀ MÁI","Viêm khớp do phong thấp, chân tay đau mỏi tê liệt, đau lưng cổ mãn tính","Mỗi lần dùng 60g cành dâu già, một con gà mái khoảng 500g, làm sạch lông, bỏ mật, ninh nhừ cho vào 1 ít muối ăn. Ăn cả nước lẫn cái.","Bổ tủy sống, trừ phong thấp, khỏi viêm khớp; khỏi đau mỏi lưng.","","","","",""
106,"CHỮA BỆNH PHONG THẤP","BẮC HOÀNG KỲ, THỊT RẮN","Sau khi trúng phong bán thân bất toại. Đau khớp do phong thấp, đau lưng gối mãn tính.","Mỗi lần dùng 50g bắc hoàng kỳ, 200g thịt rắn, 3 lát gừng, cho dầu, muối, xào chín ăn.","Bổ dưỡng khí huyết, trừ phong thấp, giãn gân cốt","","","","",""
106,"CHỮA BỆNH PHONG THẤP","THIÊN CÂN BÁ, XƯƠNG SỐNG CHÓ, ĐUÔI LỢN","Viêm khớp do phong thấp; người cao tuổi đau lưng gối, viêm cột sống do phong thấp, viêm cột sống do béo phì, đau mỏi lưng do bị đau lưng kéo dài.","Mỗi ngày dùng 30g thiên cân bá, 25g phòng phong, 30g xương sống chó, 1 cái đuôi lợn, cho vào 6 bát nước, sắc lấy 1 bát. Ăn đuôi lợn, uống nước. Nếu đau lưng do phong thấp, thì mới cho 25g phòng phong.","Trừ phong, tiêu viêm","","","","",""
106,"CHỮA BỆNH PHONG THẤP","TANG KÝ SINH, TRỨNG GÀ","Huyết hư, phong thấp","Mỗi lần dùng 15 - 30g tang ký sinh, 1-2 quả trứng gà","Bổ huyết, trừ phong","","","","",""
106,"CHỮA BỆNH PHONG THẤP","KIM NGƯU, TRỨNG GÀ","Đau xương do phong thấp, đau phần mềm quay người khó khăn","Mỗi lần dùng 15g rễ Kim Ngưu, 1 quả trứng gà, cho vào 2 bát nước, đun sôi, trứng chín, bóc bỏ vỏ, tiếp tục đun đến lúc cạn, còn 1 bát nước là được: Ăn trứng, uống nước","Trừ phong, tiêu phù, giảm đau","","","","",""
107,"CHỮA ĐAU THẦN KINH TỌA","CAO XƯƠNG BÁO NGÂM RƯỢU","Đau thần kinh tọa","Xương báo nấu thành cao, hoà tan trong rượu. Mỗi ngày uống 1-2 lần. Mỗi lần 5 - 15g.","Giảm đau","","","","",""
107,"CHỮA ĐAU THẦN KINH TỌA","THẠCH QUYẾT MINH (VỎ BÀO NGƯ)","Đau thần kinh tọa","Thạch quyết minh, xác rắn, bạc hà, mỗi thứ 15g chưng với rượu uống.","Chữa đau thần kinh tọa rất hiệu nghiệm","","","","",""
108,"CHỮA KHẢN CỔ MẤT TIẾNG","HẠT MĂNG CẦU, NƯỚC GIẢI TRẺ EM","Ho khản tiếng, mất tiếng, họng khô rát.","Lấy 4 hạt quả mãng cầu, 1 cốc nước giải trẻ em. Hạt mãng cầu giã nát, trộn với nước giải trẻ em, sắc lấy 1 bát. Uống hết trong 1 lần.","Tiêu đờm, trừ khản tiếng","","","","",""
108,"CHỮA KHẢN CỔ MẤT TIẾNG","TRÁM MUỐI, CHÈ XANH, LÁ TRE, Ô MAI","Mất tiếng do thức khuya, ăn thức ăn cay, rượu.....","5 quả trám muối, 5g lá chè xanh (tốt nhất là dùng lá của cây chè đã cỗi) 5 gam lá tre già, 2 quả ô mai, cho vào một bát nước, sắc kỹ, cho vào 1 ít đường trắng uống hết 1 lần.","Thanh nhiệt, khỏi mất tiếng","","","","",""
108,"CHỮA KHẢN CỔ MẤT TIẾNG","TRỨNG GÀ TƯƠI, ĐƯỜNG TRẮNG","Khản tiếng do ca hát hoặc diễn thuyết","Quấy trứng gà với đường trắng để ăn.","Trơn cổ họng, khỏi khản tiếng","","","","",""
108,"CHỮA KHẢN CỔ MẤT TIẾNG","RAU HOA CÚC, MẬT ONG","Khản tiếng do ca hát hoặc diễn thuyết.","Rau cúc 50g, cho vào 1 bát nước, sắc kỹ cho vào 50g mật ong, quấy đều. Ngậm trong mồm, nuốt từ từ Chia 3-4 lần, ăn hết trong ngày","","","","","",""
108,"CHỮA KHẢN CỔ MẤT TIẾNG","LẠC NHÂN KHÔNG BÓC MÀNG","Khản cổ, mất tiếng","Dùng 70 - 90 g lạc nhân không bóc màng, cho nước vào ninh nhừ. Ăn lạc, uống nước, mỗi ngày 1 lần. Điều trị nhiều ngày sẽ có hiệu quả","Sinh huyết, khỏi khản tiếng","","","","",""
108,"CHỮA KHẢN CỔ MẤT TIẾNG","LẠC NHÂN, MẬT ONG","Khản cổ, mất tiếng","30g lạc nhân, ninh nhừ, cho vào 30g mật ong, quấy đều, đun tiếp vài phút. Uống nước, ăn nhân lạc. Chia làm 2 ăn hết trong 1 ngày","Khỏi khản cổ, mất tiếng","","","","",""
108,"CHỮA KHẢN CỔ MẤT TIẾNG","ĐƯỜNG PHÈN, QUẢ TRÁM","Mất tiếng","Mỗi lần dùng 12 quả trám, khoảng 1,5g đường phèn, rửa trám bằng nước sôi để nguội, lấy dao khía quả trám thành nhiều khía rồi tán thành bột nhét vào các vết khía của quả trám. Sau 1- 2 tiếng ăn 2 quả, nhai nuốt từ từ. Có đờm thì khạc đờm ra, không có đờm thì nuốt nước, nhả bã quả trám để khỏi ảnh hưởng tiêu hóa.","Sinh huyết, giải nhiệt, tiêu đờm, mát phổi, khỏi khản tiếng, mất tiếng","","","","",""
108,"CHỮA KHẢN CỔ MẤT TIẾNG","CHÁO RAU BẮP CẢI KHÔ, GẠO","Viêm họng, mất tiếng","Mỗi lần dùng 30 - 50g rau cải hoặc rau bắp cải khô, 50 g gạo tẻ, cho nước vừa đủ, nấu thành cháo cho vào 1 ít dầu lạc. Ăn hết trong 1 ngày.","bổ âm, tiêu đờm, tiêu viêm, khỏi mất tiếng.","","","","",""
108,"CHỮA KHẢN CỔ MẤT TIẾNG","QUẢ XỘP XỘP ĐƯỜNG PHÈN","Mất tiếng","Mỗi lần dùng 30g quả xộp xộp, đường phèn vừa đủ, ninh nhừ. Mỗi ngày ăn 1 lần. Điều trị liên tục 3 - 5 ngày sẽ có hiệu quả","Tiêu đờm, thông khí huyết, mát phổi, khỏi mất tiếng.","","","","",""
109,"CHỮA BỆNH DI TINH","NHỤC THUNG DUNG, THỊT DÊ","Di tinh, dương suy.","Mỗi lần dùng 30g nhục thung dung, 15 - 20g thịt dê, rửa sạch, thái miếng cho gạo tẻ và nước vừa đủ vào nấu thành cháo, cho vào 1 ít muối ăn, hết 1 lần.","Bổ thận, tăng cường sinh lực","","","","",""
109,"CHỮA BỆNH DI TINH","RUỘT GÀ, RƯỢU","Di tinh","Mỗi lần dùng 2 - 3 bộ ruột gà, rọc ra rửa sạch, cắt thành từng khúc, dùng dầu lạc xào chín, cho vào 1 thìa rượu, 1 ít muối ăn, ăn vào 2 bữa cơm.","Bổ thận, tăng khí huyết, giữ lại tinh dịch.","","","","",""
109,"CHỮA BỆNH DI TINH","SA SÂM, ĐÔNG TRÙNG HẠ THẢO, THỊT RÙA","Thận hư, di tinh","Mỗi lần dùng 60g sa sâm, 10g đông trùng hạ thảo 1 - 2 con rùa đen (bỏ mật gan). Trộn thịt rùa, sâm, đông trùng hạ thảo, ninh nhừ, cho vào 1 ít dầu ăn, muối ăn. Ăn cả cái với nước.","Bổ âm, bổ huyết, bổ thận, giữ tinh dịch","","","","",""
109,"CHỮA BỆNH DI TINH","BỔ CỐT CHỈ, BONG BÓNG DÊ (BÀNG QUANG)","Bệnh di tinh","Mỗi lần có thể dùng 15g bổ cốt chỉ. Khoảng 150 - 200g bàng quang dê, thái nhỏ, ninh nhừ, cho vào 1 ít muối ăn. Ăn cả nước lẫn cái","Bổ thận, tráng dương, giữ lại tinh dịch","","","","",""
109,"CHỮA BỆNH DI TINH","ĐÔNG TRÙNG HẠ THẢO, VỊT TRỜI","Bệnh di tinh","Mỗi lần dùng 1 con vịt trời, làm sạch bỏ mật, lấy 10 - 12g đông trùng hạ thảo, rửa sạch, cho vào bụng vịt, khâu kín, hấp cách thủy. Khi chín nhừ, cho vào 1 ít muối ăn. Ăn cả cái lẫn nước.","Bổ tim, mát phổi, bổ thận, tăng cường tinh lực","","","","",""
109,"CHỮA BỆNH DI TINH","QUẢ TẬT LÊ, BONG BÓNG CÁ","Thận hư, di tinh","Mỗi lần dùng 10 - 12g quả tật lê, lấy vải sạch gói chặt. 10 - 15g bong bóng cá thái nhỏ. Ninh nhừ, nêm vào 1 ít dầu ăn, muối ăn. Ăn bong bóng cá uống nước.","Bổ thận, tinh dịch khoẻ","","","","",""
109,"CHỮA BỆNH DI TINH","NHÂN HỒ ĐÀO, LÁ HẸ","Mộng tinh, di tinh","Mỗi lần dùng 60g nhân hồ đào, 15g lá hẹ, cho dầu vừng và 1 ít muối ăn, xào chín. Ăn vào 2 bữa cơm.","Bổ thận, tráng dương, khoẻ tinh dịch.","","","","",""
109,"CHỮA BỆNH DI TINH","BA KÍCH, RUỘT GÀ","Thận hư, di tinh","Mỗi lần dùng 15g ba kích, ruột gà 2- 3 bộ (làm sạch) cho vào 2 bát nước, sắc lấy 1 bát, thêm vào ít muối ăn. Ăn ruột gà, uống nước.","Bổ thận, tráng dương, bổ gân, bền chắc tinh dịch.","","","","",""
109,"CHỮA BỆNH DI TINH","HẠT SEN, KHIẾM THỰC, THỊT LỢN NẠC","Mộng tinh, di tinh","Mỗi lần dùng 50g hạt sen, 50g khiếm thực, 200g thịt lợn nạc. Ninh nhừ cho vào ít muối ăn. Ăn vào 2 bữa cơm.","Bổ tỳ, bổ vị, khoẻ tinh dịch.","","","","",""
109,"CHỮA BỆNH DI TINH","LÁ HẸ, TRỨNG GÀ","Thận hư, di tinh","Mỗi lần dùng 100g lá hẹ tươi, rửa sạch, thái nhỏ, 2 quả trứng gà, quấy đều với dầu lạc, nêm muối, xào chín ăn vào 2 bữa cơm.","ấm trong, bổ huyết, bổ thận, bền chắc tinh dịch.","","","","",""
109,"CHỮA BỆNH DI TINH","QUẢ KIM ANH, CÁ DIẾC","Thận hư, di tinh","mỗi lần dùng 30g quả kim anh, khoảng 250g cá diếc (bỏ ruột, không đánh vẩy), ninh nhừ, cho vào 1 ít dầu ăn, muối ăn, ăn cái, uống nước.","Kiện tỳ, bổ huyết, bền chắc tinh dịch","","","","",""
109,"CHỮA BỆNH DI TINH","LÁ HẸ, QUẢ CẬT LỢN","Thận hư, di tinh.","Mỗi lần dùng 100g lá hẹ, rửa sạch thái nhỏ, 1 quả cật lợn thái lát, cho dầu lạc muối ăn, xào chín. Ăn vào 2 bữa cơm","Bổ thận, bền chắc tinh dịch","","","","",""
109,"CHỮA BỆNH DI TINH","HÀ THỦ Ô, TRỨNG GÀ","Di tinh","Mỗi lần dùng 60g hà thủ ô, 2 quả trứng gà cho vào đun sôi, trứng gà chín, bóc bỏ vỏ, tiếp tục đun sôi kỹ, Ăn trứng, uống nước.","Tăng khí huyết, bền chắc tinh dịch","","","","",""
109,"CHỮA BỆNH DI TINH","ĐÔNG TRÙNG HẠ THẢO, NHAU THAI NHI","Di tinh","Mỗi lần dùng 10-15g đông trùng hạ thảo, 1 nửa hoặc 1 chiếc nhau thai nhi tươi. Hấp cách thủy chín kỹ, ăn 1- 2 lần có thể thấy kết quả.","","","","","",""
109,"CHỮA BỆNH DI TINH","KỶ TỬ, DƯƠNG VẬT BÒ","Di tinh","Mỗi lần dùng 20 - 40g kỷ tử 1 cái dương vật bò. Hấp cách thủy. Ăn thịt, uống nước. Có thể cho vào 2 lát gừng tươi để khử mùi. Thường điều trị 1 - 2 lần sẽ thấy hiệu quả","Tráng dương, bổ thận, khoẻ tinh dịch.","","","","",""
109,"CHỮA BỆNH DI TINH","LÁ HẸ, GAN DÊ","Di tinh","Mỗi lần dùng 10g lá hẹ, rửa sạch, thái nhỏ, 120g gan dê, thái nhỏ. Xào chín kỹ, ăn hết 1 lần.","","","","","",""
109,"CHỮA BỆNH DI TINH","KHIẾM THỰC HẦM, VỊT","Thận hư, di tinh","Mỗi lần có thể dùng 100 - 120g khiếm thực 1 con vịt, làm sạch, bỏ ruột, cho khiếm thực vào bụng vịt, đun nhỏ lửa, Ninh nhừ khoảng 2 tiếng, cho muối, thêm gia vị để ăn.","Bổ thận, khỏi bệnh di tinh","","","","",""
109,"CHỮA BỆNH DI TINH","NHÂN HỒ ĐÀO, NGŨ VỊ TỬ, MẬT ONG","Di tinh","Mỗi lần dùng 5-8 nhân quả hồ đào 2 - 3g ngũ vị tử, rửa sạch, mật ong vừa đủ. Tất cả quấy đều, ăn hết 1 lần","Bổ thận, khỏi di tinh","","","","",""
109,"CHỮA BỆNH DI TINH","ĐAO ĐẬU, QUẢ CẬT LỢN","Di tinh","Mỗi lần dùng 10 hạt đao đậu (còn gọi là Kiếm đậu). 1 quả cật lợn thái nhỏ cho vào 2 bát nước, đun còn 1 bát, thêm ít muối ăn. Ăn quả cật lợn, uống nước canh (đậu có thể ăn hoặc không).","Bổ thận, ôn trung, khỏi di tinh","","","","",""
109,"CHỮA BỆNH DI TINH","ĐẬU PHỤ, THỊT DÊ","Thận hư, di tinh","Đậu phụ, thịt dê đủ dùng, ninh nhừ cho thêm gừng tươi, hành củ để ăn.","Bổ thận, khỏi di tinh.","","","","",""
109,"CHỮA BỆNH DI TINH","XUYÊN ĐOẠN NẤU VỚI ĐỖ TRỌNG, ĐUÔI LỢN","Di tinh","Mỗi lần dùng 25g xuyên đoạn, 30g đỗ trọng, một cái đuôi lợn (làm sạch) ninh nhừ, cho vào 1 ít muối ăn, gia vị. Ăn nóng.","Bổ thận, khỏi di tinh","","","","",""
109,"CHỮA BỆNH DI TINH","QUẢ CẬT LỢN NẤU VỚI ĐỖ TRỌNG","Di tinh","Mỗi lần dùng 15 - 30g đỗ trọng, 1 quả cật lợn. Ninh nhừ. Ăn cả cái với nước","Bổ thận, gan, mạnh gân cốt, khỏi di tinh","","","","",""
109,"CHỮA BỆNH DI TINH","GÀ TRỐNG CHOAI, NHỤC THUNG DUNG","Di tinh","1 con gà trống nhỏ (300 -400g) làm sạch, bỏ ruột, cho 30g nhục thung dung vào đổ nước và 1 ít rượu, ninh nhừ, ăn hết 1 lần","Bổ khí huyết, khỏi di tinh","","","","",""
109,"CHỮA BỆNH DI TINH","KHIẾM THỰC, SƠN DƯỢC, HẠT SEN","Thận hư, di tinh","hạt sen, khiếm thực, mỗi thứ 10g, sơn dược 15g, mộc nhĩ trắng 6g. Tất cả ninh nhừ, cho vào ít đường trắng.","Bổ thận, khỏi di tinh","","","","",""
109,"CHỮA BỆNH DI TINH","NƯỚC TÂM SEN","Mộng, di tinh, hoạt tinh","3g tâm sen, sắc lấy nước uống, uống trước khi đi ngủ.","","","","","",""
109,"CHỮA BỆNH DI TINH","RỄ CÂY KIM ANH HẤP VỚI THỊT GÀ MÁI","Di tinh, mộng, hoạt tinh","Mỗi lần dùng 30g rễ Kim anh, 1 con gà mái, làm sạch, bỏ đầu, chân, ruột, rễ Kim anh thái nhỏ cho vào bụng gà, cho thêm 1 ít gạo tẻ. Hấp cách thủy, chín nhừ. Ăn thịt gà, uống nước.","Bổ thận, khỏi di tinh, hoạt tinh.","","","","",""
109,"CHỮA BỆNH DI TINH","HOA SEN TRẮNG","Mộng tinh, di tinh","Hạt sen 100g hấp chín ăn. Ăn liên tục nửa tháng. Mỗi ngày ăn 2 lần","Khỏi di tinh, mộng tinh","","","","",""
109,"CHỮA BỆNH DI TINH","NHỤY HOA SEN","Mộng tinh, di tinh","Dùng 50g nhụy sen, cho vào 1 bát nước sắc kỹ, khi uống cho vào ít muối.","An thần, khỏi di tinh, mộng tinh.","","","","",""
109,"CHỮA BỆNH DI TINH","HẠT CÂY HẸ","Mộng tinh, di tinh, nhưng tinh dịch lại chảy ra theo nước tiểu.","Hạt hẹ 100g, tán nhỏ, uống hết 3 lần trong ngày, uống với rượu.","Bền chắc tinh dịch.","","","","",""
109,"CHỮA BỆNH DI TINH","CẬT LỢN, QUẢ HỒ ĐÀO","Di tinh hoặc tinh dịch chảy ra theo nước tiểu.","1 đôi cật lợn, 50 quả hồ đào, ninh nhừ ăn hết 1 lần.","Bổ hư, khỏi di tinh.","","","","",""
109,"CHỮA BỆNH DI TINH","KÉN TẰM","Mộng tinh, di tinh, hoạt tinh","Dùng 1 tổ kén tằm, nướng thành than toàn tính, hãm nước sôi ăn hết trong 1 lần.","Bổ khí huyết, khỏi mộng, di, hoạt tinh.","","","","",""
109,"CHỮA BỆNH DI TINH","NHÂN HỒ ĐÀO, QUẢ CẬT LỢN","Mộng tinh, di tinh, hoạt tinh","Nhân hồ đào 30g, quả cật lợn 2 quả thái nhỏ, dùng dầu lạc xào chín. Ăn trước khi ngủ. Điều trị liên tục 3 - 5 ngày có hiệu quả.","An thần, khỏi mộng tinh, di, hoạt tinh.","","","","",""
109,"CHỮA BỆNH DI TINH","CÂU KỶ TỬ, BA BA","Di tinh","Ba ba 1 con, bỏ đầu, ruột, gan, kỷ tử 30g, nữ trinh tử 15g, thục địa 25g. Tất cả cho vào sắc kỹ, bỏ bã thuốc. Ăn thịt ba ba, uống nước thuốc.","An thần, khỏi di tinh.","","","","",""
109,"CHỮA BỆNH DI TINH","HẠT SEN, ĐƯỜNG TRẮNG","Di tinh","Dùng 15g hạt sen, 50g đường trắng, ninh nhừ. Ăn hết 1 lần vào buổi chiều. Mỗi đợt điều trị 15 ngày. Trong thời gian mang bệnh, mỗi ngày lao động nhẹ 1 tiếng hoặc đi bách bộ, không được nằm suốt ngày.","Không được ăn đậu xanh, thịt gà và trứng.","Bổ huyết, khỏi di tinh.","","","",""
110,"CHỮA VÔ SINH","THẬN HẢI CẨU, NHÂN SÂM, HOÀNG KỲ","Vô sinh","Thận hải cẩu, nhân sâm, hoàng kỳ. Sắc lấy nước uống.","","","","","",""
111,"TRIỆT SẢN","LÔNG NGỖNG, BÁCH THẢO SƯƠNG, RƯỢU","Triệt sản","Lông ngỗng nhổ ra còn mang máu ở quản lông, đem sao toàn tính, bách thảo sương (dùng cây cỏ dại đun bếp tạo ra muội đen bám ở đít nồi, cạo lấy muội đen để làm vị thuốc). Tất cả tán nhỏ, trộn đều. Mỗi lần dùng 5 gr. Uống rượu hâm nóng vào sau khi có kinh nguyệt.","","","","","",""
112,"PHÒNG TRÁNH THAI","MAI CUA, RƯỢU","Phòng tránh thai","Mai cua sao vàng, tán thành bột, uống với rượu (rượu nếp)","","","","","",""
113,"CHỮA VIÊM TINH HOÀN","GÀ TRỐNG, ĐẬU XANH","Chữa viêm tinh hoàn.","Gà trống 1 con, đậu xanh 100g, ninh nhừ ăn. Có thể thêm vào 15 - 20g vừng.","","","","","",""
113,"CHỮA VIÊM TINH HOÀN","CON RẾT, NHỤC QUẾ","Viêm dịch hoàn","Con rết, nhục quế mỗi thứ 3 g. Sao vàng, tán thành bột. Mỗi lần dùng 0,5 - 1g. Mỗi ngày 2 - 3 lần.","","","","","",""
114,"CHỮA LIỆT DƯƠNG","CHIM SẺ, MUỐI RANG","Dương vật mềm, không cứng lên được, hoặc có cứng lên nhưng không chắc, không lâu, hoặc giao cấu chóng xuất tinh.","2 con chim sẻ, làm sạch, bỏ mật, dùng dầu lạc rán chín thơm, chấm muối rang ăn, mỗi ngày điều trị 2 lần.","Bổ huyết, tráng dương","","","","",""
114,"CHỮA LIỆT DƯƠNG","ĂN TRỨNG CHIM SẺ","Dương vật mềm không cứng lên được hoặc có cứng lên nhưng không chắc, không lâu, giao cấu chóng xuất tinh, chữa liệt dương.","5 quả trứng chim sẻ hấp chín, bóc vỏ ăn.","Bổ khí huyết, tráng dương.","","","","",""
114,"CHỮA LIỆT DƯƠNG","TÔM, RAU HẸ","Dương vật mềm, không cứng lên được, hoặc có cứng lên nhưng không bền chắc không lâu. Khi giao cấu chóng xuất tinh.","200g thịt tôm tươi loại to. Rán thịt tôm bằng dầu lạc, rồi xào với 25g rau hẹ. Ăn hết trong 1 lần.","Gây hứng phấn, tráng dương","Những người thể lực cường tráng, dương thịnh không dùng bài thuốc này.","","","",""
114,"CHỮA LIỆT DƯƠNG","RƯỢU TRẮNG, GÀ TRỐNG CON","Dương vật mềm, không cứng lên được hoặc cứng nhưng không bền chắc, không lâu. Khi giao cấu chóng xuất tinh","1 con gà trống khoảng dưới nửa kg, 200ml rượu trắng (50° trở lên), gà làm sạch, bỏ mật, dùng rượu trắng hầm chín, ăn nóng.","Bổ khí huyết, tráng dương.","","","","",""
114,"CHỮA LIỆT DƯƠNG","GIUN ĐẤT, RƯỢU TRẮNG","Liệt dương","Bắt 3 con giun đất ở chỗ đất trồng rau hẹ rửa sạch, sao khô giòn, tán thành bột, hoà tan 1 lạng rượu trắng, uống hết 1 lần.","Khỏi liệt dương","","","","",""
114,"CHỮA LIỆT DƯƠNG","BONG BÓNG CÁ, NƯỚC CƠM","Bệnh liệt dương","1 cái bong bóng cá (cá khoảng 250 g trở lên). Rang bong bóng bằng nồi rang bằng đất, rang giòn, tán thành bột, uống với nước cơm.","Bổ huyết tráng dương","","","","",""
114,"CHỮA LIỆT DƯƠNG","THỤC PHỤ TỬ, GỪNG, THỊT CHÓ","Chữa liệt dương và thận dương hư","Mỗi lần dùng 15 - 30g thục phụ tử, 150g gừng tươi, nướng chín, 500 - 1000 g thịt chó, thịt chó thái nhỏ, xào với tỏi dầu lạc, cho nước vào đun nhỏ lửa, cho tiếp gừng, thục phụ tử vào đun nhỏ lửa, sau 2 tiếng ăn được.","Bổ dưỡng khí huyết, tráng dương","Người bị cảm mạo không được dùng bài thuốc này.","","","",""
114,"CHỮA LIỆT DƯƠNG","THỊT CHÓ, HỒI HƯƠNG","Liệt dương, xuất tinh nhanh","Thịt chó vừa đủ, cho thêm đại hồi, tiểu hồi, quế, thảo quả, trần bì, gừng tươi, tất cả ninh nhừ. Hàng ngày ăn 100g vào 2 lần: sáng, chiều.","bổ huyết, tráng dương","","","","",""
114,"CHỮA LIỆT DƯƠNG","CANH BA BA, CÂU KỶ TỬ","Chữa liệt dương, hoa mắt nhức đầu","ba ba 1 con (bỏ đầu, ruột) câu kỷ tử 30g, nữ trinh tử 15g, thục địa 15g, tất cả ninh nhừ, bỏ bã thuốc, ăn thịt ba ba uống nước canh.","Bổ thận, tráng dương","","","","",""
114,"CHỮA LIỆT DƯƠNG","VỪNG, GẠO, NHAU THAI NHI","Chữa liệt dương, ù tai, nhức đầu","Vừng 100g, bột gạo lúa nương (lúa cạn) 100g, 1 bộ nhau thai nhi (sấy khô). Tất cả tán thành bột, luyện với mật thành thuốc viên, mỗi viên khoảng 10g. Mỗi ngày uống 2 lần, mỗi lần uống 1 viên.","Bổ khí huyết, tráng dương.","","","","",""
114,"CHỮA LIỆT DƯƠNG","CỦ CÀ RỐT, THỊT CHÓ","Chữa liệt dương","Cà rốt, thịt chó (hoặc thịt dê, thịt hươu) vừa đủ. Ninh nhừ. Ăn cả nước lẫn cái.","Bổ thận, tráng dương","","","","",""
114,"CHỮA LIỆT DƯƠNG","RƯỢU, CUA BỂ","Chữa liệt dương","Mỗi lần có thể dùng 250g cua bể tươi, ngâm vào rượu khoảng 5-10 phút. Sau đó vớt ra luộc chín ăn.","Tăng cường khí huyết, tráng dương","","","","",""
114,"CHỮA LIỆT DƯƠNG","NHỤC THUNG DUNG, QUẢ CẬT DÊ","chữa thận hư, liệt dương","Mỗi lần dùng 15 - 30g nhục thung dung, 1 đôi quả cật dê. Hầm chín, ăn cả cái lẫn nước.","Bổ thận, tăng cường sinh lực, tráng dương","","","","",""
114,"CHỮA LIỆT DƯƠNG","QUẢ CẬT LỢN, ĐỖ TRỌNG","chữa liệt dương","Mỗi lần dùng 15 - 30g đỗ trọng, 1 quả cật lợn, ninh nhừ, ăn cả cái và nước.","Bổ thận, tráng dương","","","","",""
114,"CHỮA LIỆT DƯƠNG","SA SÂM, ĐÔNG TRÙNG HẠ THẢO, THỊT RÙA","Chữa liệt dương do suy thận","Mỗi lần dùng 60g sa sâm, 10g đông trùng hạ thảo, 1 con rùa đen (bỏ ruột). Thịt rùa trộn với sa sâm, đông trùng hạ thảo cho nước vào, ninh nhừ, rồi cho dầu ăn, muối ăn. Ăn thịt rùa, uống nước canh.","Bổ thận, tráng dương","","","","",""
114,"CHỮA LIỆT DƯƠNG","BA KÍCH, RUỘT GÀ","Chữa liệt dương, xuất tinh sớm","Mỗi lần dùng 15g ba kích, ruột gà 2 - 3 bộ (làm sạch) cho vào 2 bát nước nấu còn 1 bát, cho vào ít muối. Ăn lòng gà, uống nước.","Bổ thận, tráng dương","","","","",""
114,"CHỮA LIỆT DƯƠNG","TỎI HẦM THỊT DÊ","Chữa liệt dương do thận suy","Mỗi lần dùng 250g thịt dê, thái nhỏ, 50g tỏi bóc vỏ, cho nước và đun nhỏ lửa. Khi chín nhừ, cho vào 1 ít muối. Ăn vào 2 bữa cơm.","Bổ thận, tráng dương, tăng tinh lực.","","","","",""
114,"CHỮA LIỆT DƯƠNG","LÁ HẸ, TRỨNG GÀ","Chữa liệt dương do thận hư","Mỗi lần dùng 100g lá hẹ tươi, rửa sạch, thái nhỏ, 2 quả trứng gà, trộn đều với lá hẹ, dùng dầu lạc để rán, (cho vào ít muối). Ăn vào 2 bữa cơm.","Ôn trung, tráng dương","","","","",""
114,"CHỮA LIỆT DƯƠNG","HẠT DẺ QUẾ LÂM","chữa liệt dương do thận hư.","Dùng hạt dẻ khô Quế lâm, rang chín, bóc vỏ, ăn tuỳ ý.","Bổ thận, tráng dương","","","","",""
114,"CHỮA LIỆT DƯƠNG","ĐÔNG TRÙNG HẠ THẢO, NHAU THAI NHI","Chữa liệt dương","Mỗi lần dùng 10 -15g đông trùng hạ thảo, 1 nửa hoặc cả chiếc nhau thai nhi tươi. Hấp cách thủy ăn hết 1 lần. Thường là ăn 1 - 2 lần sẽ có hiệu quả.","Bổ huyết, tráng dương.","","","","",""
114,"CHỮA LIỆT DƯƠNG","KỶ TỬ, DƯƠNG VẬT BÒ","Liệt dương","Mỗi lần dùng 20 - 40g kỷ tử, 1 chiếc dương vật bò, hấp cách thủy. Ăn thịt uống nước. Thường điều trị 1 - 2 lần sẽ thấy hiệu quả.","Bổ thận, tráng dương","","","","",""
114,"CHỮA LIỆT DƯƠNG","LÁ HẸ XÀO GAN DÊ","Liệt dương","Mỗi lần dùng 100g lá hẹ, rửa sạch, thái nhỏ, 120g gan dê thái miếng, xào chín, ăn hết 1 lần.","Bổ khí huyết, tráng dương","","","","",""
114,"CHỮA LIỆT DƯƠNG","HẠNH ĐÀO, NHỘNG TẰM","Chữa liệt dương, hoạt tinh","Mỗi lần dùng 100 - 150g hạnh đào, 100g nhộng tằm. Hấp cách thủy để ăn","Bổ thận, tráng dương.","","","","",""
114,"CHỮA LIỆT DƯƠNG","RƯỢU, TÔM BIỂN","Chữa liệt dương","Mỗi lần dùng 250g tôm biển tươi, ngâm vào rượu (rượu gạo) từ 5 - 10 phút vớt ra xào chín để ăn.","Bổ thận, tráng dương, mạnh gân cốt.","","","","",""
114,"CHỮA LIỆT DƯƠNG","NHÂN SÂM, RẮN BỜM NGỰA","Chữa liệt dương do thận hư.","Mỗi lần dùng 2 con rắn bờm ngựa (lột da, bỏ mật) sâm cao ly 6g, hoặc sâm Cát Lâm 10g, hấp cách thủy chín nhừ ăn.","Tăng cường khí huyết, bổ âm, bổ thận, tráng dương.","","","","",""
114,"CHỮA LIỆT DƯƠNG","ĐƯƠNG QUY, ĐUÔI BÒ","Chữa liệt dương do thận suy.","Mỗi lần dùng 30g đương quy, 1 cái đuôi bò làm sạch, chặt thành nhiều khúc, đổ nước vừa đủ cho 1 ít muối. Ninh nhừ. Ăn thịt, uống nước.","Bổ huyết, bổ thận, mạnh gân cốt, tráng dương","","","","",""
114,"CHỮA LIỆT DƯƠNG","NHỤC THUNG DUNG, THỊT DÊ","Chữa liệt dương","Mỗi lần dùng 30g nhục thung dung, 150 - 200 g thịt dê (rửa sạch, thái miếng) cho gạo vừa đủ. Nấu thành cháo, cho vào ít muối, gia vị, ăn hết 1 lần.","Bổ thận, tăng tinh lực, tráng dương.","","","","",""
115,"CHỮA DƯƠNG VẬT CO RỤT","HỒ TIÊU, RƯỢU","Chữa dương vật đột nhiên co rụt, mặt xanh, môi trắng nhợt, mồ hôi ra như tắm.","Hồ tiêu 70 hạt, giã nhỏ, uống với rượu mạnh (trên 50°).","Tráng dương, khỏi co rụt","","","","",""
115,"CHỮA DƯƠNG VẬT CO RỤT","LÁ HẸ, RƯỢU TRẮNG","Chữa dương vật đột nhiên co rụt, mặt xanh, môi trắng nhợt, mồ hôi ra như tắm","1 cốc nước lá hẹ tươi, cho vào 100ml rượu trắng (50° trở lên). Nấu chín, uống hết 1 lần.","Tráng dương khỏi co rụt dương vật","","","","",""
115,"CHỮA DƯƠNG VẬT CO RỤT","ỚT, TÔM, RƯỢU","Chữa dương vật co rụt (bệnh trạng u trầm)","Dùng 50g ớt, 100g tôm tươi, 200ml rượu mạnh (50° trở lên). Xào tôm với ớt, trộn rượu vào đun sôi. Ăn hết 1 lần.","Tráng dương, khỏi co rụt dương vật","","","","",""
116,"CHỮA ĐÁI DẮT (ĐÁI XÓN)","TRỨNG GÀ, HỒ TIÊU TRẮNG","Chữa đái xón (đái dắt)","Đục 1 lỗ nhỏ phía đầu to quả trứng gà cho vào 5 - 7 hạt hồ tiêu, lấy mảnh vỏ trứng khác bịt chặt lỗ thủng. Hấp chín. 5 tuổi trở xuống: mỗi tối ăn 1 quả, 5 tuổi trở lên : mỗi tối ăn 2 quả. Ăn 5 - 7 tối sẽ khỏi bệnh.","","","","","",""
116,"CHỮA ĐÁI DẮT (ĐÁI XÓN)","BONG BÓNG LỢN, ÍCH TRÍ NHÂN","Chữa đái xón","1 chiếc bong bóng lợn, 25g ích trí nhân. Bổ bong bóng lợn, rửa sạch, cho ích trí vào trong bong bóng, hầm chín, bỏ bã thuốc ăn bong bóng, uống nước. Ăn hết 1 lần trong ngày. Điều trị liên tục trong 3 ngày","","","","","",""
117,"CHỮA BỆNH SỐT RÉT","RƯỢU TỎI","Chữa sốt rét, trước lạnh sau nóng, ra mồ hôi. Hết nóng đau đầu, buồn nôn","1 củ tỏi to, 100ml rượu (rượu gạo) tỏi được nướng cháy vàng. Uống rượu ăn tỏi, ăn hết 1 lần (trước khi lên cơn 2 tiếng)","Khử lạnh, thanh nhiệt, khỏi sốt rét.","","","","",""
117,"CHỮA BỆNH SỐT RÉT","TRỨNG GÀ, GIẤM","Chữa bệnh sốt rét, trước rét sau sốt, ra mồ hôi, Hết sốt nhức đầu buồn nôn","Dùng 3 quả trứng gà, 200 ml giấm. Đập trứng vào giấm, quấy đều, đun sôi, Uống hết 1 lần","Khử lạnh, trừ nóng, khỏi sốt rét.","","","","",""
117,"CHỮA BỆNH SỐT RÉT","RỄ CÂY ỚT, THỊT LỢN NẠC","Chữa bệnh sốt rét, rét nhiều, nóng ít","Lấy 150g rễ cây ớt, 150g thịt lợn nạc. Nấu chín kỹ. Ăn thịt, uống nước.","Khử lạnh, trừ nóng, cắt cơn sốt rét","","","","",""
117,"CHỮA BỆNH SỐT RÉT","LÁ ỚT, CỦ TỎI","Chữa sốt rét, rét nhiều nóng ít.","Dùng 100g lá ớt, 1 củ tỏi to cho nước vào sắc kỹ lấy 1 bát. Uống hết 1 lần.","Trừ rét, hạ nóng, cắt cơn sốt rét."
117,"CHỮA BỆNH SỐT RÉT","HỒ TIÊU TRẮNG, RƯỢU","Chữa sốt rét, lạnh nhiều nóng ít.","Lấy 20 hạt hồ tiêu trắng, 100ml rượu giã nát hồ tiêu, hấp chín, rồi trộn vào rượu, uống hết 1 lần.","Khỏi rét, tiêu nóng, cắt cơn sốt"
117,"CHỮA BỆNH SỐT RÉT","ĐẬU ĐỎ, CÁ CHÉP, TÁO TÀU, TRẦN BÌ, GỪNG","Chữa sốt rét cách nhật, sốt rét cách 3 ngày hoặc sốt nhiều ngày chưa khỏi.","150g đậu đỏ, 1 con cá hồng (hoặc cá chép) 10 quả táo, 1 miếng trần bì, 50g gừng tươi. Ninh nhừ, cho vào 1 ít dầu, muối ăn hết 1 lần.","Bổ khí huyết khỏi sốt rét"
117,"CHỮA BỆNH SỐT RÉT","ĐẬU ĐEN, TRẦN BÌ, TÁO TÀU, THỊT CHÓ","Chữa sốt rét cách nhật, cách 3 ngày hoặc sốt rét kéo dài nhiều ngày chưa khỏi","Thịt chó vàng 250g, đậu đen 150g, gừng tươi 100g, trần bì 1 miếng. Táo 10 quả, ninh nhừ. Ăn cả nước lẫn cái.","Bổ khí huyết, khỏi sốt rét"
117,"CHỮA BỆNH SỐT RÉT","ĐẬU ĐEN, TÁO TÀU, TRẦN BÌ, CHUỘT ĐỒNG","Chữa sốt rét cách nhật, sốt rét cách 3 ngày hoặc sốt rét kéo dài nhiều ngày không khỏi","Chuột đồng 2 con, đậu đen 150g, táo tàu 10 quả, trần bì 1 miếng, chuột làm sạch, bỏ ruột. Ninh nhừ với 3 vị thuốc trên. Ăn hết 1 lần.","Bổ khí huyết, khỏi sốt rét."
117,"CHỮA BỆNH SỐT RÉT","ĐẬU ĐEN, TÁO TÀU, TRẦN BÌ, CÁ NHEO","Chữa sốt rét cách nhật, sốt rét cách 3 ngày hoặc sốt rét kéo dài nhiều ngày chưa khỏi.","Cá nheo 200g, đậu đen 150g, táo tàu 10 quả, trần bì 50g đổ nước nấu chín, ăn cả nước và cái.","Bổ khí huyết, khỏi sốt rét."
117,"CHỮA BỆNH SỐT RÉT","XƯƠNG DÊ","Chữa sốt rét hàng ngày hoặc cách nhật.","Dùng 30g xương dê đập dập, đổ vào 2 bát nước. Đun cạn còn 1 bát. Uống trước lúc lên cơn sốt 3 tiếng.","Mát máu, cắt cơn sốt"
117,"CHỮA BỆNH SỐT RÉT","THỤC PHỤ TỬ, GỪNG NƯỚNG, THỊT CHÓ","Chữa sốt rét kéo dài không khỏi","Mỗi lần dùng 15 - 30g thục phụ tử, 250g gừng tươi đem nướng. 500g - 1000g thịt chó thái nhỏ, xào thịt chó với tỏi, dầu lạc, cho nước vào đun nhỏ lửa, rồi cho thục phụ tử, gừng vào đun sôi khoảng 2 tiếng là ăn được.","Tăng cường khí huyết, cắt cơn sốt rét","Khi bị cảm mạo không được dùng bài thuốc này"
117,"CHỮA BỆNH SỐT RÉT","MẬT ONG, RƯỢU TRẮNG","Chữa bệnh sốt rét hàn tính","Dùng 2,5 g mật ong hòa với 50ml rượu trắng, uống trước khi lên cơn sốt 1 tiếng"
117,"CHỮA BỆNH SỐT RÉT","MỠ LỢN, CÁ","Chữa sốt rét mạn tính lâu ngày không khỏi","Mỗi lần dùng 1 con cá (khoảng 500g) bỏ mật chặt khúc, trộn vào 15 - 25g mỡ lợn, 1 ít muối ăn. Hấp cách thủy. Ăn hết 1 lần.","Bổ âm, mát máu, cắt cơn sốt rét"
118,"CHỮA SA NANG VÀ SƯNG ĐAU BAO DỊCH HOÀN","BỘT HẠT QUẢ VẢI, HẠT HOÀNG BÌ UỐNG VỚI RƯỢU","Chữa sa nang, sưng đau bao dịch hoàn","Dùng 100g hạt quả vải, 100g hạt hoàng bì, cho vào 1 ít muối ăn. Tất cả sao vàng, tán nhỏ, uống với rượu. Mỗi ngày 20g, chia 2 lần.","Tiêu khí, giảm đau"
118,"CHỮA SA NANG VÀ SƯNG ĐAU BAO DỊCH HOÀN","MƯỚP GIÀ, TRẦN BÌ","Chữa sa nang, sưng đau bao dịch hoàn","Lấy quả mướp già đã thành xơ, 10g trần bì, tất cả sao vàng tán thành bột, uống với nước sôi mỗi lần uống 10g. Mỗi ngày 2 lần.","Tiêu khí, giảm đau"
118,"CHỮA SA NANG VÀ SƯNG ĐAU BAO DỊCH HOÀN","TRỨNG GÀ, GIẤM CHUA","Chữa sa nang, sưng đau bao dịch hoàn","Trứng gà 2 quả, giấm 500ml, ngâm trứng gà vào giấm 1 ngày. Sau đó lấy nửa số giấm còn lại để luộc trứng gà. Ăn trứng uống nước.","Tiêu khí, giảm đau."
118,"CHỮA SA NANG VÀ SƯNG ĐAU BAO DỊCH HOÀN","TỎI, HẠT CAM, KIM QUẤT, ĐƯỜNG TRẮNG","Chữa bệnh đau sa nang.","Dùng 2 quả tỏi vỏ đỏ tía, 50g hột cam, 2 quả kim quất, 50g đường trắng. Cho vào 2 bát nước. Sắc lấy 1 bát, Uống hết 1 lần.","Tiêu khí, giảm đau"
118,"CHỮA SA NANG VÀ SƯNG ĐAU BAO DỊCH HOÀN","QUẢ TRÁM, QUẢ VẢI, SƠN TRA, HỒI HƯƠNG","Chữa sưng đau bao dịch hoàn","Hạt quả trám, hột quả vải, hạt sơn tra, sao toàn tính tán nhỏ. Mỗi lần dùng 10g. Uống vào lúc đói. Uống với nước hồi hương.","Tiêu sưng, giảm đau"
118,"CHỮA SA NANG VÀ SƯNG ĐAU BAO DỊCH HOÀN","TÁO TÀU, HẠT QUẤT","Chữa sưng đau bao dịch hoàn","Dùng 250g táo, hạt quất khô. Táo được tách bỏ hạt. Mỗi quả táo bỏ vào 6 hạt quất. Tất cả đem sấy khô, tán nhỏ. Mỗi lần dùng 15g. Uống với rượu vào 2 buổi sáng chiều (lúc đói).","Tiêu sưng, giảm đau"
119,"CHỮA HỌNG KHÔ, NƯỚC BỌT ÍT","NHO, MẬT ONG","Chữa cổ họng khô nước bọt ít.","Dùng 500g nho tươi, ép lấy nước, hoà với mật ong (tuỳ ý). Mỗi lần ăn 1 thìa","Tiết nước bọt, khỏi khát."
119,"CHỮA HỌNG KHÔ, NƯỚC BỌT ÍT","ĐƯỜNG ĐỎ, ĐẬU ĐỎ","Chữa cổ họng khô, ít nước bọt","Mỗi lần dùng 60g đậu đỏ. Ninh nhừ đậu cho đường đỏ quấy thành chè. Ăn hết 1 lần.","Sinh nước bọt, khỏi khát. Bài thuốc này còn có tác dụng thanh nhiệt, giải độc, tiêu sưng, trướng bụng, giải cảm. Trẻ em bị lở ghẻ, dùng bài thuốc này rất hiệu quả."
119,"CHỮA HỌNG KHÔ, NƯỚC BỌT ÍT","NƯỚC GIẢI KHÁT","Chữa cổ họng khô, nước bọt ít.","Dùng 1.000g bí đao và dưa hấu, gọt bỏ lớp vỏ cứng, cắt thành từng lát mỏng, rễ khô cây bí 250g giã nát, ngâm trong nước. Tất cả cho vào 1 lượng nước vừa đủ, sắc kỹ trong 1 tiếng vớt ra, bỏ bã thuốc, tiếp tục đun nhỏ lửa, đến khi nước đặc sền sệt thì thôi. Sau đó cho vào 500g đường trắng, quấy đều, sấy khô, cho vào lọ dùng dần. Mỗi lần dùng 10g hoà với nước sôi, uống ít một thay với nước chè. Mỗi ngày uống nhiều lần.","Thanh nhiệt, bổ âm, khỏi khát"
120,"CHỮA SAY RƯỢU","THỨC ĂN CHỮA SAY","Giải cơn say rượu","1- Rau câu giã vắt lấy nước uống, có thể khỏi nhức đầu đỏ mặt sau khi say rượu. 2- Ăn thức ăn chua hoặc dùng 50g giấm, 25g đường đỏ, 3 lát gừng tươi sắc lấy nước uống. 3- Ăn cam, quýt, lê, táo. 4- Dùng vỏ quýt sắc lấy nước uống, hoặc uống nước chè pha loãng. 5- Ngó sen tươi, rửa sạch, giã vắt lấy nước uống. 6- Ép củ cải lấy nước uống, hoặc pha với đường đỏ để uống. 7- 1 ít đậu xanh, dùng nước sôi rửa sạch, giã nát, hoà vào nước sôi hoặc sắc lên uống. 8- Lấy vài quả hồng tươi, bóc bỏ vỏ ăn. 9- Ăn chuối tiêu, hoặc uống nước chuối tiêu. 10- Lấy 60g lá cải củ rửa sạch, thái nhỏ và 50g gạo tẻ, nấu cháo, để nguội, hoà vào cháo lòng trắng của 3 quả trứng gà, ăn. 11- Dùng 2500g củ cải tươi, 1 quả dứa (khoảng 500g). Trước hết đem củ cải thái nhỏ, sắc lấy nước, sau đó gọt dứa, ép lấy nước. Hoà nước củ cải và nước dứa để uống.","","","","","",""
120,"CHỮA SAY RƯỢU","CHÈ PHỔ NHĨ (VÂN NAM TRUNG QUỐC)","Chữa sốt do say rượu","Mỗi lần dùng 6 - 9g chè phổ nhĩ, cho vào ấm, hãm nước sôi lấy nước uống. Hoặc sắc lấy nước uống.","Thanh nhiệt, tỉnh rượu","","","","",""
120,"CHỮA SAY RƯỢU","SẮN, ĐƯỜNG TRẮNG","Chữa trúng độc cồn mạn tính","Mỗi lần dùng 1 củ sắn khoảng 200g, gọt vỏ, rửa sạch, thái nhỏ, trộn với trứng, ăn.","Khử nóng, giải độc.","","","","",""
120,"CHỮA SAY RƯỢU","ĐƯỜNG TRẮNG, BỘT SẮN","Chữa nóng trong người do uống quá nhiều rượu","Mỗi lần dùng 30 - 50g bột sắn đường trắng vừa đủ, cho nước vào nấu thành chè để ăn.","Hết say rượu, khỏi khát, hết bực bội.","","","","",""
121,"CHỮA MỤN NHỌT GHẺ LỞ, RÔM SẨY","BẮC HOÀNG KỲ, KỶ TỬ, BỒ CÂU NON","Mụn nhọt, lở loét lâu không lành, bệnh ghẻ kinh niên.","Mỗi lần dùng 30g hoàng kỳ bắc, 30g kỷ tử, 1 con chim bồ câu non. Làm sạch chim bồ câu bỏ ruột, tất cả hấp cách thủy. Ăn thịt chim, uống nước canh. Thường 3 ngày điều trị 1 lần, điều trị 3 - 5 lần sẽ có hiệu quả.","","","","","",""
121,"CHỮA MỤN NHỌT GHẺ LỞ, RÔM SẨY","HẠ KHÔ THẢO, SINH ĐỊA, THỊT LỢN NẠC","Chữa mụn nhọt lở loét của trẻ em thời kỳ mùa hè viêm nhiệt.","Dùng hạ khô thảo, thịt lợn nạc và sinh địa với số lượng vừa đủ. Ninh nhừ, ăn cái, uống nước. Điều trị liên tục sẽ có hiệu quả.","","","","","",""
121,"CHỮA MỤN NHỌT GHẺ LỞ, RÔM SẨY","Hoa cúc, đường","Bệnh đinh nhọt","Mỗi lần có thể dùng 15 - 30g hoa cúc. Hãm với nước sôi. Uống như uống nước chè. Có thể thêm vào ít đường đỏ.","Thanh nhiệt, giải độc.","","","","",""
121,"CHỮA MỤN NHỌT GHẺ LỞ, RÔM SẨY","CỎ HÔI, ĐẬU XANH","Chữa ghẻ lở","Mỗi lần dùng 30g cỏ hôi tươi, 30 - 50g đậu xanh, cho vào 5 bát nước, sắc lấy 2 bát. Cho vào một lít đường đỏ, đun tiếp cho sôi ít phút. Ăn đậu, uống nước.","Thanh nhiệt, giải độc, tiêu viêm, hết mụn nhọt.","","","","",""
121,"CHỮA MỤN NHỌT GHẺ LỞ, RÔM SẨY","HOA MỘC MIÊN, ĐƯỜNG TRẮNG","Chữa ghẻ lở do nóng nực","Mỗi lần dùng 30 - 50g hoa mộc miên, một ít đường trắng, cho vào 2 bát nước, sắc lấy 1 bát. Bỏ bã, uống nước.","Thanh nhiệt, tiêu mụn nhọt.","","","","",""
121,"CHỮA MỤN NHỌT GHẺ LỞ, RÔM SẨY","MƯỚP ĐẮNG, THỊT LỢN NẠC","Chữa ghẻ lở, rôm sẩy quá nhiều","Mỗi lần dùng 20g mướp đắng tươi, bỏ hạt, thái nhỏ, thịt lợn nạc 100g thái miếng. Cho nước vào ninh nhừ, cho 1 ít muối uống nước, ăn cái (2 bữa sáng chiều).","Thanh nhiệt, giải độc, tiêu nhọt, rôm sẩy.","","","","",""
121,"CHỮA MỤN NHỌT GHẺ LỞ, RÔM SẨY","TỬ THẢO NHUNG, ĐƯỜNG TRẮNG","Chữa lở loét, nhiều rôm sẩy","Mỗi lần dùng 3 - 5g tử thảo nhung, cho vào 2 bát nước, sắc lấy 1 bát, cho đường trắng quấy tan, bỏ bã thuốc, uống nước.","Thanh nhiệt, mát máu, giải độc, tiêu nhọt, rôm sẩy","","","","",""
121,"CHỮA MỤN NHỌT GHẺ LỞ, RÔM SẨY","DẦU VỪNG, NHÂN SỬ QUÂN TỬ","Chữa mụn trứng cá ở mặt","Lấy sử quân tử khô, bóc vỏ lấy nhân, đun nhỏ lửa, rang chín thơm, lấy ra để nguội ngâm vào dầu vừng. Trước khi đi ngủ mỗi tối ăn 3-5 quả sử quân tử (liều lượng dùng cho người lớn). Điều trị liên tục 7 - 10 ngày.","Trừ hư nhiệt, khỏi mụn trứng cá.","Sử quân tử không được dùng quá liều lượng vì sẽ bị nấc, váng đầu, buồn nôn và những phản ứng khác. Uống sử quân tử với nước chè cũng gây nấc. Khi sử dụng bài thuốc này phải rất chú ý.","","","",""
121,"CHỮA MỤN NHỌT GHẺ LỞ, RÔM SẨY","HOA KIM NGÂN","Chữa ghẻ","Dùng 50g hoa Kim Ngân, sắc lấy nước chữa trong (uống). Ở ngoài da thì dùng 50g lưu hoàng tán nhỏ trộn với dầu chè (loại dầu ép từ cây chè dầu). Bôi vào chỗ mụn ghẻ. Mỗi ngày 1 lần. Điều trị 3 lần sẽ khỏi.","","","","","",""
121,"CHỮA MỤN NHỌT GHẺ LỞ, RÔM SẨY","ẾCH, CƠM","Chữa ghẻ lở lâu năm không khỏi","Mỗi lần dùng một số con ếch (nhiều hay ít tuỳ theo ếch to hay nhỏ mà định liệu) lột da, bỏ ruột gan, chặt nhỏ, trộn đều với dầu lạc và muối ăn, lấy gạo tẻ thổi cơm, khi cơm sôi, nước sấp cạn thì cho thịt ếch vào nấu chín để ăn.","Thanh nhiệt, giảm độc","","","","",""
121,"CHỮA MỤN NHỌT GHẺ LỞ, RÔM SẨY","XUYÊN SƠN GIÁP, ĐƯƠNG QUY...","Chữa đinh nhọt","Sơn tra 25g, đương quy 15g, Hoàng kỳ bắc 30g, Hoa kim ngân 20g, hoa cúc 15g, sinh địa 15g. tất cả sắc lấy nước uống.","","","","","",""
121,"CHỮA MỤN NHỌT GHẺ LỞ, RÔM SẨY","CON GIÁN, RỄ CÂY CÔ TỪ","Chữa mụn nhọt","Lấy 60, 70 con gián, bỏ đầu, rửa sạch; 50g rễ cây cô từ (nếu không có rễ thì lấy lá búp cũng được) hấp chín ăn điều trị 1 -2 lần thì khỏi.","","","","","",""
121,"CHỮA MỤN NHỌT GHẺ LỞ, RÔM SẨY","MAI CUA... RƯỢU","Chữa sưng tấy","Lấy 5g mai cua, 10 g xuyên sơn giáp, 7 cái gai bồ kết. tất cả sao vàng tán nhỏ thành bột, uống với rượu","","","","","",""
121,"CHỮA MỤN NHỌT GHẺ LỞ, RÔM SẨY","CÂY KẸN, MƯỚP ĐẮNG","Rắn độc cắn","Hoa cây kẹn, mướp đắng, mỗi thứ 50g, sắc lấy nước uống và rửa ngoài vết rắn cắn. Điều trị liên tục 3 lần có thể có hiệu quả.","","","","","",""
121,"CHỮA MỤN NHỌT GHẺ LỞ, RÔM SẨY","SINH ĐỊA, THỤC ĐỊA, THỊT LỢN NẠC","Phòng, chữa mụn nhọt, lở loét.","Sinh địa 30g, thục địa 30g, thịt lợn nạc 150g, cho nước vào nấu lấy 1 bát. Ăn thịt uống nước (thuốc có thể ăn, có thể không). Trẻ em thì giảm liều lượng thuốc.","Phòng chữa lở loét, mụn nhọt.","","","","",""
121,"CHỮA MỤN NHỌT GHẺ LỞ, RÔM SẨY","MẬT ONG, HOA KIM NGÂN","Ghẻ lở, rôm sẩy do nóng nực.","Mỗi lần dùng khoảng 30g mật ong, 1 - 30g hoa kim ngân. Sắc hoa kim ngân lấy nước, để nguội, cho mật ong vào quấy đều để uống.","Giải độc, thanh nhiệt, khỏi ghẻ lở.","","","","",""
121,"CHỮA MỤN NHỌT GHẺ LỞ, RÔM SẨY","BÍ ĐAO, Ý DĨ","Ghẻ lở, nhiều rôm sẩy do nóng nực.","Mỗi lần dùng 100 - 400g bí đao, 30 - 50g ý dĩ. Nấu kỹ, lấy nước uống thay nước chè. Mỗi ngày hoặc cách ngày dùng 1 lần, có thể thêm đường để uống.","Thanh nhiệt, giải độc, khỏi ghẻ lở.","","","","",""
121,"CHỮA MỤN NHỌT GHẺ LỞ, RÔM SẨY","ĐẬU ĐEN, ĐƯỜNG ĐỎ","Chữa ghẻ lở.","Mỗi lần dùng khoảng 60g đậu đỏ, đường đỏ vừa đủ. Nấu chín nhừ. Ăn hết 1 lần.","Thanh nhiệt, giải độc, tiêu sưng","","","","",""
122,"CHỮA RẮN ĐỘC CẮN","ĂN SỐNG CÁ VẨY XANH","chữa rắn độc cắn","Lấy 1 con cá vây xanh ngâm vào sáp, ăn sống có thể tạm thời hạn chế nọc độc loang rộng và là biện pháp cấp cứu cho những người làm nghề biển bị rắn cắn.","","","","","",""
123,"CHỮA TỔN THƯƠNG DO NGÃ","NƯỚC LÁ HẸ, NƯỚC GIẢI TRẺ EM, RƯỢU TRẮNG","Chữa sưng đau do ngã","Nước lá hẹ 1 cốc, nước giải trẻ em 1 cốc hoà 2 thứ đó lại, đun sôi, uống nóng.","Tiêu sưng tấy, giảm đau","","","","",""
123,"CHỮA TỔN THƯƠNG DO NGÃ","QUẢ MƯỚP NON, RƯỢU","Chữa ngã, sưng đau","Dùng 1 quả mướp non, cắt lát, phơi khô sao toàn tính, tán thành bột, uống với rượu mỗi lần dùng 15g.","Tiêu sưng tấy, giảm đau","","","","",""
123,"CHỮA TỔN THƯƠNG DO NGÃ","RƯỢU, QUẢ CÀ","chữa ngã sưng đau","Lấy 1 quả cà, sấy khô, tán thành bột. Mỗi ngày 10g uống với rượu","Khỏi sưng, giảm đau","","","","",""
123,"CHỮA TỔN THƯƠNG DO NGÃ","HẢI MÃ, RƯỢU","Chữa ngã, sưng đau","hải mã sao đen tán nhỏ, mỗi ngày dùng 3- 10g, uống với rượu.","","","","","",""
123,"CHỮA TỔN THƯƠNG DO NGÃ","TIẾT SƠN DƯƠNG","Chữa ngã sưng đau","Lấy 10g tiết sơn dương, uống với rượu mỗi ngày 2 lần.","","","","","",""
124,"CHỮA NẤM NGOÀI DA","ĐẬU PHỤ, LƯU HUỲNH, ĐƯỜNG TRẮNG","Chữa nấm ngoài da gây ngứa","Đậu phụ 250g, bột lưu huỳnh 10g, đường trắng 100g, trộn đều, uống.","Tiêu độc, diệt trùng, giảm ngứa.","","","","",""
124,"CHỮA NẤM NGOÀI DA","MÓNG CHÂN LỢN, RƯỢU","Chữa nấm da bò.","Móng chân lợn tươi rửa sạch, sao khô, tán thành bột, lấy 25 - 50 g hoà với 100 - 150g rượu để điều trị.","","","","","",""
125,"CHỮA VIÊM DA DO DỊ ỨNG","XÁC VE, BẠC HÀ","Viêm da, da dị ứng","Xác ve, bạc hà, mỗi thứ 5g, sắc lấy nước để uống.","","","","","",""
125,"CHỮA VIÊM DA DO DỊ ỨNG","THỊT TÊ TÊ","Viêm da do dị ứng","Thịt tê tê 150g. Ninh nhừ, cho vào 1 ít muối. Ăn hết 1 lần cách 7 - 8 ngày điều trị một lần.","","","","","",""
125,"CHỮA VIÊM DA DO DỊ ỨNG","CUỐNG NHAU THAI NHI","Viêm da do thần kinh","Lấy 1 cuống nhau thai nhi, sắc kỹ lấy nước uống. Hoặc sao khô, tán nhỏ, uống với nước.","Tiêu viêm, trừ mẩn ngứa","","","","",""
125,"CHỮA VIÊM DA DO DỊ ỨNG","THỊT RẮN ĐUÔI ĐEN","Chữa mẩn ngứa","lấy 1 - 2 con rắn đuôi đen to làm thịt chế biến thức ăn. Ăn liên tục 3 - 4 lần. Có tác dụng phòng và chữa bệnh.","","","","","",""
125,"CHỮA VIÊM DA DO DỊ ỨNG","BÀNG QUANG LỢN","Chữa mẩn ngứa","Bàng quang lợn (bong bóng) nướng chấm muối ăn với rượu.","","","","","",""
125,"CHỮA VIÊM DA DO DỊ ỨNG","CUỐNG NHAU THAI NHI","Chữa mẩn ngứa","Cuống nhau thai nhi, sắc kỹ lấy nước uống hoặc tán thành bột uống.","","","","","",""
125,"CHỮA VIÊM DA DO DỊ ỨNG","THỔ PHỤC LINH, RÙA ĐEN","Chữa mẩn ngứa mạn tính","Mỗi lần dùng 200 - 250g thổ phục linh, rùa đen 1 - 2 con, nhúng rùa vào nước sôi, sau đó rửa sạch, làm thịt, bỏ đầu, ruột gan, móng, dùng nguyên cả mai rùa. Cho thổ phục linh vào, ninh nhừ 1 tiếng, Tiếp đó cho rùa vào ninh kỹ trên 3 tiếng là được. Ăn thịt rùa, uống nước canh. Điều trị 2 - 4 lần sẽ có kết quả.","Giải độc, khỏi ngứa","","","","",""
125,"CHỮA VIÊM DA DO DỊ ỨNG","THỊT CÓC, THỊT RẮN NƯỚC","Chữa mẩn ngứa","Lấy 2-4 con cóc, 1 - 2 con rắn nước. Làm thịt cóc, lột da, bỏ đầu, nội tạng, móng rửa sạch, lọc lấy thịt thái nhỏ. Làm thịt rắn cũng lột da, bỏ nội tạng, rửa sạch thái miếng, luộc chín, gỡ bỏ xương cho thịt cóc thịt rắn, và gạo nấu cháo, ăn","Giải độc, diệt trùng, khỏi đau","","","","",""
126,"CHỮA BỆNH MỀ ĐAY","KHOAI MÔN, XƯƠNG SƯỜN LỢN","Chữa bệnh mề đay","Dùng 30 - 60g khoai môn, và xương sườn lợn. Ninh nhừ. Ăn cả nước lẫn cái.","","","","","",""
126,"CHỮA BỆNH MỀ ĐAY","Cuống nhau thai nhi","Chữa mề đay mạn tính","Dùng 1 chiếc nhau thai nhi sắc lấy nước uống","","","","","",""
127,"CHỮA LỞ MỒM","SÒ BIỂN, THỊT LỢN","Chữa lở mồm","Mỗi lần dùng 50 - 100g thịt lợn nạc. Tất cả ninh nhừ, cho vào ít nước. Ăn vào 2 bữa cơm.","Thanh nhiệt, giải độc, khỏi lở mồm","","","","",""
127,"CHỮA LỞ MỒM","MỘC NHĨ TRẮNG, ĐƯỜNG PHÈN","Chữa lở mồm do nhiệt","Mỗi lần dùng 10 - 12g mộc nhĩ trắng, rửa sạch, ngâm vào nước sôi khoảng 1 tiếng. Trộn đều mộc nhĩ với đường phèn đem hấp cách thủy khoảng 2 - 3 tiếng. Ăn cái, uống nước.","giải độc, khỏi lở mồm","","","","",""
127,"CHỮA LỞ MỒM","QUẢ BẦU, ĐƯỜNG","chữa lở mồm","Mỗi lần dùng 500g quả bầu, rửa sạch, để nguyên vỏ, thái miếng, cho nước vào ninh nhừ, cho 1 ít đường vào quấy đều. Ăn cả nước lẫn cái (hoặc chỉ ăn nước không).","Thanh nhiệt, khỏi lở mồm","","","","",""
127,"CHỮA LỞ MỒM","ĐẬU PHỤ, THẠCH CAO","Chữa lở mồm","Mỗi lần dùng khoảng 50g thạch cao sống, khoảng 200g đậu phụ, cho nước vào ninh khoảng 2 tiếng, sau đó cho vào 1 ít muối uống nước canh. Đậu phụ có thể ăn hoặc không.","Thanh nhiệt, giải độc, khỏi lở mồm","","","","",""
127,"CHỮA LỞ MỒM","LÁ SEN, BÍ ĐAO","Chữa lở mồm","Mỗi lần dùng 1 tàu lá sen tươi 50g bí đao tươi. Ninh nhừ, cho muối vào... Ăn cả cái lẫn nước.","Thanh nhiệt, sinh huyết, khỏi lở.","","","","",""
127,"CHỮA LỞ MỒM","ĐƯỜNG TRẮNG, BỘT SẮN","Chữa lở mồm","Mỗi lần dùng 30 - 50g bột sắn, đường trắng vừa đủ cho nước, nấu chè ăn hết 1 lần.","Thanh nhiệt, khỏi lở mồm","","","","",""
128,"CHỮA GÃY XƯƠNG","CUA, DƯA HỒNG, RƯỢU","Chữa gãy xương","Cua 10 con (sao vàng), 200g dưa hồng (sao vàng) tất cả nghiền nhỏ. Mỗi lần dùng 10g uống với rượu.","","","","","",""
128,"CHỮA GÃY XƯƠNG","TIẾT GÀ, RƯỢU","Chữa gãy xương","Cắt tiết 1 con gà trống, hòa vào rượu uống ngay (1 bát hoặc nửa bát rượu tuỳ theo)","","","","","",""
129,"CHỮA VIÊM TỦY SỐNG","BỘT CON RẾT","Chữa viêm tủy sống","Con rết đem sao vàng, tán thành bột cứ 10 con rết thì chia làm 7 phần. Đựng trong túi ni lon, mỗi ngày uống 1 lần. Điều trị từ 1- 2 tháng sẽ thấy hiệu quả, hoặc khỏi bệnh.","","","","","",""
130,"CHỮA LAO XƯƠNG, KHỐI U, BỆNH KẾT HẠCH","MÀNG MỀ GÀ","Chữa lao xương","Màng mề gà sao vàng, tán nhỏ. Mỗi lần uống với rượu vào lúc đói.","","","","","",""
130,"CHỮA LAO XƯƠNG, KHỐI U, BỆNH KẾT HẠCH","TÔM, HOÀNG KỲ","Kết hạch","250g tôm, 10g hoàng kỳ tươi. Ninh nhừ. Ăn tôm, uống nước.","","","","","",""
130,"CHỮA LAO XƯƠNG, KHỐI U, BỆNH KẾT HẠCH","RUỒI TRÂU, ĐỈA, ĐẠI HOÀNG, HỘT ĐÀO","Chữa bệnh kết u trong bụng","Ruồi trâu, đỉa, đại hoàng, nhân đào mỗi thứ 10g, sắc kỹ lấy nước uống. Mỗi ngày 2 lần, mỗi lần 1 chén trà.","","","","","",""
130,"CHỮA LAO XƯƠNG, KHỐI U, BỆNH KẾT HẠCH","RỄ CÂY ĐÀO, THỊT LỢN NẠC","Chữa khối u trong bộ máy sinh dục phụ nữ","Mỗi lần dùng 60 - 90g rễ cây đào, 90 - 120g thịt lợn nạc. Ninh nhừ, ăn cái, uống nước.","","Rễ cây đào làm mất máu. Phụ nữ có thai không được dùng bài thuốc này.","","","",""
131,"CHỮA KHỐI U","TẰM, Ô MAI","Chữa u thịt ở cách trực tràng","Đây là tiêu thuốc phối hợp giữa con tằm và ô mai. Lấy mỗi thứ 60g. Sấy khô, tán nhỏ, trộn với 250g mật ong. Mỗi lần dùng 15ml. Ngày 2 lần","","","","","",""
132,"CHỮA BỆNH UỐN VÁN","XÁC VE, THIÊN NAM","Chữa bệnh uốn ván","Xác ve 50g, chế nam tinh 10g, minh thiên ma 10g, tằm 7 con. Tất cả đem sắc lấy nước uống. Mỗi ngày 1 thang điều trị liên tục 3 ngày.","","","","","",""
132,"CHỮA BỆNH UỐN VÁN","CON THẠCH SÙNG","Chữa bệnh uốn ván","Thạch sùng 7 con (nướng, chín), thiên nam 50g, bạch phụ tử 50g. Tất cả sao vàng tán nhỏ, luyện với mật ong, vê thành viên bằng hạt đậu xanh. Mỗi lần uống 7 viên với rượu hâm nóng, thấy mồ hôi ra là có hiệu quả. Nếu chưa ra mồ hôi thì tiếp tục điều trị.","","","","","",""
133,"CHỮA VIÊM RUỘT THỪA CẤP","GIUN ĐẤT, MỘC NHĨ","Chữa viêm ruột thừa cấp","Lấy 7 con giun đất cỏ tranh, 100g mộc nhĩ trắng. Sắc lấy nước uống, 1 ngày 3 lần.","","","","","",""
133,"CHỮA VIÊM RUỘT THỪA CẤP","XÁC RẮN, QUẢ DƯA HỒNG, ĐƯƠNG QUY","Chữa viêm ruột thừa cấp","5g xác rắn, 25g dưa hấu, 50g đương quy. Tất cả sao tán nhỏ. Mỗi ngày uống 3 lần. Mỗi lần 20g.","","","","","",""
134,"CHỮA VIÊM MÀNG NÃO","ỐC, TRAI...","Chữa viêm màng não","ốc con, hoa hòe, phục linh, nấu chín, ăn. thịt trai, mỗi thứ 10g đổ nước.","","","","","",""
135,"CHỮA BỆNH TRÙNG HÚT MÁU","ĐẬU XANH, TỎI","Chữa bệnh trùng hút máu, báng nước.","360g đậu xanh, ngâm nước 3 tiếng cho vào 2 củ tỏi (đã bóc vỏ). Đun nhỏ lửa ninh nhừ, cho vào 1 ít đường. Một ngày ăn 3 lần. Điều trị liên tục 7 ngày","Thanh nhiệt, giải độc, lợi tiểu, tiêu phù","","","","",""
136,"CHỮA MẮT CÁ (BỆNH CHAI DA Ở BÀN CHÂN HOẶC NGÓN CHÂN, GIỐNG MẮT GÀ, ẤN ĐAU, DO CỌ XÁT NHIỀU MÀ SINH RA)","","","200g mầm đậu tương, thái nhỏ, trộn với tương ăn với cơm. Mỗi ngày 1 lần ăn liên tục 5 ngày, có thể làm cho các mắt gà tự nhiên mất đi.","","","","","",""
137,"CHỮA BỆNH SAU CHẤN ĐỘNG Ở NÃO","SỪNG SƠN DƯƠNG, THIÊN MA","Chữa di chứng sau chấn động ở não.","1 chiếc sừng sơn dương, 5g thiên ma, 10g xuyên khung, mài, cọ dũa sừng sơn dương thành bột, sắc chung với thiên ma, xuyên khung, lấy nước uống. Bài thuốc này còn chữa trị rất hiệu quả bệnh đau đầu dữ dội, nôn ra đờm dãi, kèm theo hôn mê.","","","","","",""
137,"CHỮA BỆNH SAU CHẤN ĐỘNG Ở NÃO","XẠ HƯƠNG, THẢO Ô HOÀN","Chữa di chứng sau chấn động não.","Xạ hương và thảo ô chế biến với mộc hương thành thuốc hoàn. Đây là bài thuốc nổi tiếng của vùng Tây Tạng, công hiệu rất tốt.","","","","","",""
138,"CHỮA BỆNH MÁU CHẤN ĐỘNG","NGÓ SEN, SINH ĐỊA","Bệnh máu chấn động","Dùng 100g ngó sen tươi, 500g mã thầy tươi, 500g chuối tiêu, bóc vỏ, thái nhỏ, 120g sinh địa tương. Tất cả ép lấy nước. Mỗi ngày uống 5 - 6 lần, mỗi lần 1 cốc nhỏ.","Thanh nhiệt, mát máu","","","","",""
138,"CHỮA BỆNH MÁU CHẤN ĐỘNG","THỊT BA BA","Bệnh máu chậm đông.","Hầm thịt ba ba để ăn, cũng có thể cho thêm sinh địa, thổ phục linh, ngân hoa.","","","","","",""
139,"CHỮA VẾT VẰN ĐỎ DO DỊ ỨNG","TÁO TÀU","Vết vằn đỏ do dị ứng","Táo sắc kỹ. Ăn táo, uống nước. Ngày 3 lần, 1 lần ăn 10 quả. Ăn liên tục 3 ngày.","Bổ trung, ích khí, bổ máu, tiêu vết vằn đỏ.","","","","",""
140,"CHỮA BỆNH PHONG VIÊM NÃO B","RẮN LÁO (trigonocephales blomhoffi) RƯỢU","Bệnh phong","Rắn láo 1 con, làm thịt rắn, sao khô, tán nhỏ, ngâm vào 500 ml rượu cao lương (50° trở lên). Ngâm từ 1 - 3 tháng là dùng được. Mỗi ngày uống 2 lần, mỗi lần 5 - 10 ml.","","","","","",""
140,"CHỮA BỆNH PHONG VIÊM NÃO B","GIUN ĐẤT","Viêm não B","Giun đất tươi (chọn những con giun màu hồng nhạt). Rửa sạch bằng nước sôi. Mỗi ngày dùng 150g - 250g, sắc lấy nước uống. Điều trị bằng bài thuốc này khi đang phát bệnh và thời kỳ sau di chứng đều có công hiệu.","","","","","",""
140,"CHỮA BỆNH PHONG VIÊM NÃO B","SỪNG TRÂU","Chữa viêm não B","Dùng sừng trâu, sắc lấy nước uống. Trẻ em 3 tuổi dùng 30g mỗi ngày. 3 tuổi trở lên dùng 60g 1 ngày. Mỗi ngày uống 2 lần. Điều trị liên tục 1 tuần trở lên. Hoặc dùng cho đến khi người bệnh hoàn toàn tỉnh hẳn.","","","","","",""
141,"CHỮA GIUN ĐŨA, GIUN MÓC CÂU, SÁN DÂY","THỊT CÁ TRÊ","Chữa đau bụng do giun đũa","Dùng 1 cá trê rán chín, để ăn (ăn nhạt). Ăn thường xuyên sẽ có kết quả.","Bổ tỳ, diệt giun","Trẻ em dùng 1/2 liều người lớn.","","","",""
141,"CHỮA GIUN ĐŨA, GIUN MÓC CÂU, SÁN DÂY","TRO TÓC, TRỨNG GÀ","Chữa đau bụng do giun đũa","Đốt tóc cháy thành than, lấy 25g, 1 quả trứng gà. Trứng gà đập ra trộn với than tóc và cơm, rang lên ăn.","Bổ dạ dày, diệt giun","Trẻ em dùng 1/2 liều người lớn","","","",""
141,"CHỮA GIUN ĐŨA, GIUN MÓC CÂU, SÁN DÂY","DƯA CHUA, MƯỚP ĐẮNG, ỚT","Chữa đau bụng do giun đũa","Dùng 150g dưa cải chua, 150g quả ớt ngọt, 1 quả mướp đắng cho dầu, muối, xào chín, ăn thường xuyên.","Bổ tỳ, diệt giun. Trẻ em dùng 1/2 liều người lớn","","","","",""
141,"CHỮA GIUN ĐŨA, GIUN MÓC CÂU, SÁN DÂY","SỬ QUÂN TỬ, THỊT LỢN NẠC","Chữa bệnh giun đũa","Mỗi lần dùng 6 - 10g sử quân tử, bỏ vỏ cho vào 100g thịt lợn nạc, trộn đều. Hấp cách thủy. Ăn vào 2 bữa cơm.","Bổ tỳ, diệt giun đũa","Không được dùng bài thuốc này điều trị kéo dài, hoặc quá liều lượng. Nếu sau khi ăn thấy nhức đầu, buồn nôn, táo bón, thì phải lấy vỏ sử quân tử, sắc lấy nước uống thay nước chè thì sẽ khỏi. Trẻ em dùng 1/2 liều.","","","",""
141,"CHỮA GIUN ĐŨA, GIUN MÓC CÂU, SÁN DÂY","QUẢ PHÙNG NHƠN","Chữa bệnh giun đũa","Mỗi lần dùng 7 - 10 quả phùng nhơn, bỏ vỏ 100g thịt lợn nạc, ninh nhừ, cho ít muối vào ăn.","ổn vị, bổ tỳ, diệt giun. Trẻ em dùng 1/2 liều","","","","",""
141,"CHỮA GIUN ĐŨA, GIUN MÓC CÂU, SÁN DÂY","QUẢ CAU, HẠT BÍ NGÔ","Chữa bệnh giun đũa, giun móc, sán dây.","hạt cau 30g, hạt bí ngô 25g, sắc lấy nước, cho vào 30g đường đỏ. Uống vào sáng sớm, lúc đói. Mỗi ngày 1 lần, uống liên tục 3 ngày. Một tuần sau lại uống tiếp 3 ngày.","Bổ dạ dày, diệt giun sán","Trẻ em dùng 1/2 liều","","","",""
142,"CHỮA VIÊM A MI ĐAN CẤP","QUẢ TRÁM, MAI CHUA","Chữa viêm Amidan cấp","Mỗi lần dùng 60g quả trám tươi (để nguyên vỏ) 10g quả mai chua (giã nát) cho vào 3 bát nước, sắc lấy 1 bát bỏ bã, cho vào 1 ít đường trắng để uống.","Thanh nhiệt giải độc, tiêu viêm.","","","","",""
142,"CHỮA VIÊM A MI ĐAN CẤP","QUẢ TRÁM, CỦ CẢI","Chữa viêm Amidan cấp","Mỗi lần dùng 250g quả trám, 500 - 1000g củ cải sắc lấy nước nóng thay nước chè, uống nhiều lần...","Thanh nhiệt, giải độc, trừ viêm.","","","","",""
143,"CHỮA KINH NGUYỆT RA TRƯỚC ĐỊNH KỲ","NGÓ SEN, TRẮC BÁCH DIỆP","Kinh nguyệt ra trước kỳ vì máu nhiệt (Bệnh trạng: Kinh nguyệt ra trước kỳ, máu đỏ, ra nhiều, tim đập loạn nhịp, miệng khát, bựa lưỡi vàng, mạch nhanh).","500g ngó sen tươi, 100g trắc bách diệp giã ép lấy nước. Hoà với nước sôi để uống. Mỗi ngày uống 3 - 4 lần.","Thanh nhiệt, mát máu. Những người hành kinh sớm 7 - 8 ngày hoặc hành kinh 1 tháng 2 lần, dùng bài thuốc này, công hiệu rất tốt.","","","","",""
143,"CHỮA KINH NGUYỆT RA TRƯỚC ĐỊNH KỲ","SINH ĐỊA, HUYỀN SÂM","Chữa kinh nguyệt có trước kỳ do âm hư, máu nhiệt (bệnh trạng : Hành kinh sớm, máu ra tương đối ít, tim đập loạn nhịp, miệng khô, lòng bàn tay và gan bàn chân nóng. Lưỡi đỏ, bựa lưỡi vàng, mạch yếu).","Sinh địa, cốt bì mỗi thứ 30g, huyền sâm, mạch môn, bạch thược, mỗi thứ 15g. Cho nước vào sắc lấy 300ml cho vào 30g cao A Giao, 40g đường trắng, và 60ml nước. Trộn đều tất cả, tiếp tục đun nhỏ lửa, quấy đều khoảng 10 phút là được. Mỗi lần uống 200ml. Mỗi ngày 3 lần.","Bổ âm, mát máu. Chữa khỏi hành kinh sớm trước kỳ do âm hư, máu nhiệt.","","","","",""
143,"CHỮA KINH NGUYỆT RA TRƯỚC ĐỊNH KỲ","CHÁO NHÂN SÂM","Chữa kinh nguyệt ra trước kỳ do khí hư (Bệnh trạng: kinh nguyệt có sớm nhiều, màu hồng nhạt, loãng, cơ thể tinh thần mệt mỏi, da tái nhợt, nhạt miệng, bựa lưỡi trắng, mạch yếu).","6g nhân sâm (đảng sâm 30g), 5 lát gừng tươi, 100g gạo. Nấu thành cháo. Mỗi ngày ăn 2 - 3 lần","Bổ trung, tăng cường khí huyết. Chữa kinh nguyệt không đều, có hiệu quả","","","","",""
144,"CHỮA KINH NGUYỆT RA SAU ĐỊNH KỲ","NHỤC QUẾ, SƠN TRA","Chữa kinh nguyệt ra sau định kỳ do máu hàn (chu kỳ kinh nguyệt kéo dài 7 - 8 ngày, hoặc mỗi kỳ cách nhau đến 40 - 50 ngày sau khi hành kinh, đau bụng dưới, lạnh máu ra ít, màu sẫm, hoặc có máu cục, bựa lưỡi đỏ, mạch trầm).","Nhục quế: 6g, quả sơn tra: 100g, đường đỏ 30g, sắc lấy nước, chia làm 2 lần, uống hết trong ngày.","Ổn kinh, tán hàn, sinh huyết","","","","",""
144,"CHỮA KINH NGUYỆT RA SAU ĐỊNH KỲ","SƠN TRA, ĐƯỜNG ĐỎ","Chữa kinh nguyệt ra sau định kỳ do máu hàn (bệnh trạng như trên)","Lấy 50g sơn tra, sắc lấy nước, bỏ bã, hoà vào 30g đường đỏ. Uống hết 1 lần.","","","","","",""
144,"CHỮA KINH NGUYỆT RA SAU ĐỊNH KỲ","HOA HỒNG, RƯỢU","Chữa kinh nguyệt ra trước định kỳ do máu hàn (bệnh trạng như trên)","100g hoa hồng, ngâm vào 500 ml rượu mạnh (trên 60°) trong 7 ngày. Mỗi lần uống 10ml ngày uống 2 lần. Người không biết uống rượu có thể pha vào 20ml đường đỏ.","Tán hàn, khỏi tụ huyết, khỏi đau khi hành kinh","","","","",""
144,"CHỮA KINH NGUYỆT RA SAU ĐỊNH KỲ","ĐƯƠNG QUY, GỪNG, THỊT DÊ","Chữa kinh nguyệt ra sau định kỳ do huyết hư (bệnh trạng: kinh nguyệt kéo dài, ra ít máu, màu nhạt, nhức đầu, tim đập loạn nhịp, nhạt miệng, bựa lưỡi ít, mạch yếu).","250g thịt dê, 30g đương quy, 15g gừng tươi. Hấp cách thủy cho vào 1 ít rượu để khử mùi gây, 1 ít muối ăn. Ăn vào bữa cơm.","Ổn trong, bổ khí huyết, điều hoà kinh nguyệt","","","","",""
144,"CHỮA KINH NGUYỆT RA SAU ĐỊNH KỲ","ĐƯƠNG QUY, HOÀNG KỲ","Chữa kinh nguyệt ra sau định kỳ do huyết hư (bệnh trạng như trên)","100g hoàng kỳ, 20g đương quy cho vào 500 ml nước, sắc lấy 300ml, trộn vào 100ml mật ong, quấy đều, mỗi lần uống 20ml, ngày uống 3 lần.","Đây là bài thuốc bổ huyết truyền thống, người có chứng hỏa vượng, âm hư, không nên sử dụng bài thuốc này.","","","","",""
144,"CHỮA KINH NGUYỆT RA SAU ĐỊNH KỲ","HOA HỒNG, HẠT ĐÀO","Chữa kinh nguyệt ra sau định kỳ do khí huyết ngưng trệ (bệnh trạng: kinh nguyệt kéo dài, ít máu sẫm, bụng dưới thường xệ xuống, vú sưng, lườn đau, lưỡi thâm, mạch huyền)","10g nhân quả đào, 3g hoa hồng. Sắc lấy nước, pha vào 1 ít rượu, đường đỏ, uống nóng. Mỗi ngày uống 2 lần","Khỏi tụ huyết, điều hòa kinh nguyệt, giảm đau","Những người khí hư, máu nóng, huyết hư, không được sử dụng bài thuốc này.","","","",""
144,"CHỮA KINH NGUYỆT RA SAU ĐỊNH KỲ","ĐAN SÂM","Chữa kinh nguyệt ra sau định kỳ do khí huyết ngưng trệ (bệnh trạng như trên)","Đan sâm 60g sao khô, tán nhỏ mỗi lần uống 6g, uống với rượu, mỗi ngày 2 lần. Đan sâm 15g, cho vào 150ml nước sắc lấy 100ml, bỏ bã, pha vào 1 ít đường trắng, đun uống, ngày 2 lần. Đan sâm 100g, cho vào 500ml nước, sắc lấy 400ml, cho vào 100ml mật ong mỗi lần uống 20ml. Ngày uống 2 lần","Chữa khỏi kinh nguyệt có sau định kỳ, khí huyết kém lưu thông, khỏi chứng tắc kinh, đau khi mãn kinh.","","","","",""
144,"CHỮA KINH NGUYỆT RA SAU ĐỊNH KỲ","HOA NGUYỆT QUẾ","Chữa kinh nguyệt ra sau định kỳ do khí huyết ngưng trệ (bệnh trạng như trên)","Hoa nguyệt quế 3 - 5 bông, rửa sạch, cho vào 150ml nước, đun nhỏ lửa, sắc lấy 100ml, bỏ bã, cho vào 10ml rượu, 1 ít đường phèn, quấy tan, uống nóng, mỗi ngày 1 lần.","Khỏi chứng đau khi hành kinh, tắc kinh, hành kinh không đều, khí huyết ngưng trệ","Những người máu nóng, huyết hư không được dùng","","","",""
144,"CHỮA KINH NGUYỆT RA SAU ĐỊNH KỲ","TRỨNG GÀ LỘN, GỪNG, RƯỢU","Chữa hành kinh kéo dài, máu màu nhạt ít, cơ thể suy nhược","Trứng gà lộn, hoặc trứng vịt lộn 2 quả, gừng tươi: 25 g. Luộc trứng, bóc vỏ, gừng cho vào 1 ít đường trắng, cho vào 1/2 bát rượu trắng, đun sôi kỹ. Ăn hết 1 lần trong ngày.","sinh huyết, điều hoà kinh nguyệt.","","","","",""
145,"CHỮA CHỨNG CHU KỲ HÀNH KINH KHÔNG ỔN ĐỊNH","CAO ĐỊNH KINH","Chữa chứng chu kỳ hành kinh không ổn định (bệnh trạng: Hành kinh hoặc trước số ngày, hoặc kéo dài số tháng, kinh nguyệt ít hoặc nhiều, vú sưng, bụng đầy, mạch huyền)","Tơ hồng, bạch thược, đương quy, mỗi thứ 60g, thục địa, sơn dược, mỗi thứ 30g. Phục linh, hương phụ, mỗi thứ 20g. Sài hồ 10g, cho vào 500 ml nước, 20ml rượu, 30ml mật ong. Sắc kỹ, cô đặc thành cao. Mỗi lần uống 50ml. Ngày uống 2-3 lần.","Bổ thận, bổ huyết, thông gan thận, lưu thông khí huyết, hành kinh được điều hoà. Người rối loạn kinh nguyệt phải điều trị 2 - 3 đợt, mỗi đợt 10 ngày. Uống thuốc sau kỳ hành kinh.","","","","",""
146,"CHỮA CHỨNG KINH NGUYỆT RA NHIỀU","ĐẢNG SÂM, HOÀNG KỲ, TÁO TÀU","Chữa kinh nguyệt ra nhiều do máu nhiệt (kinh nguyệt ra nhiều thời gian kéo dài, mắt đỏ, miệng khô, nước đái vàng, táo bón, lưỡi đỏ, bựa lưỡi vàng, mạch nhanh).","Hoàng kỳ, đảng sâm mỗi thứ 30g, táo 10 quả, cho nước vào đun nhỏ lửa, ninh nhừ. Bỏ bã hoàng kỳ, ăn sâm, táo và uống nước thuốc. Mỗi ngày 1 lần","Làm cho kinh nguyệt bình thường theo đúng định kỳ","Người mới cảm nhiệt chưa khỏi, không được dùng bài thuốc này","","","",""
146,"CHỮA CHỨNG KINH NGUYỆT RA NHIỀU","CAO ĐƯƠNG QUY, ĐẢNG SÂM, HOÀNG KỲ","Chữa kinh nguyệt ra nhiều do khí huyết hư (hành kinh kéo dài quá 5 - 7 ngày, máu ra nhiều, màu đỏ nhạt, loãng, tim đập loạn nhịp, mỏi mệt, nhạt miệng, bựa lưỡi trắng, mạch yếu).","Đảng sâm, hoàng kỳ, long nhãn mỗi thứ 100g. Đương quy 50g; cam thảo 30g, táo tàu 70 quả, cho vào 1000 ml nước sắc lấy 700ml, gạn nước thứ nhất ra, lại cho vào 500 ml nước, sắc tiếp lấy 300ml. Hoà 2 nước thuốc 1 và 2 với nhau, đun nhỏ lửa, cô lấy 800 ml, cho vào 700 g đường trắng, quấy đều, cô đặc thành cao. Mỗi lần dùng 20ml. Mỗi ngày uống 3 lần.","Bổ khí huyết, có thể uống liên tục","Những người mắc cảm nhiệt không dùng bài thuốc này.","","","",""
146,"CHỮA CHỨNG KINH NGUYỆT RA NHIỀU","Ô MAI, ĐƯỜNG","Chữa chứng kinh nguyệt ra quá nhiều (bệnh trạng như trên)","Mỗi lần dùng 15g ô mai, đường đỏ vừa đủ, cho vào 1 bát rưỡi nước, sắc lấy 1/2 bát, bỏ bã, uống nước.","","Bài thuốc này vị chua, nên không thích hợp với người bệnh thừa vị toan. Bài thuốc này còn có tác dụng chữa bệnh chảy máu tử cung","","","",""
146,"CHỮA CHỨNG KINH NGUYỆT RA NHIỀU","LÁ NGẢI, GỪNG, TRỨNG GÀ","Chữa kinh nguyệt ra nhiều quá","Mỗi lần có thể dùng 10g lá ngải, 15g gừng tươi, 4 quả trứng gà, đổ nước vừa đủ, đun sôi. Trứng gà chín, bóc bỏ vỏ. Cho trứng, lá ngải, gừng vào nước vừa đủ. Nấu chín nhừ. Ăn trứng, uống nước.","","","","","",""
146,"CHỮA CHỨNG KINH NGUYỆT RA NHIỀU","CÂY ÍCH MẪU, TRỨNG GÀ","Chữa kinh nguyệt ra quá nhiều","Mỗi lần dùng cỏ ích mẫu 30 - 60g, trứng gà 2 quả, đổ nước vào đun, trứng chín, bóc vỏ, đun tiếp. Ăn trứng, uống nước.","Sinh huyết, điều hoà kinh nguyệt","","","","",""
146,"CHỮA CHỨNG KINH NGUYỆT RA NHIỀU","SƠN THÙ DU, CÁ NHEO","Chữa kinh nguyệt ra quá nhiều","Mỗi lần dùng 60g sơn thù du tươi (nếu khô thì 15 g) 1 -2 con cá nheo, cho vào 3 bát nước, nấu cạn còn 1/2 bát, cho dầu ăn, muối. Ăn cả cái và nước.","Bổ máu, điều hoà kinh nguyệt","","","","",""
146,"CHỮA CHỨNG KINH NGUYỆT RA NHIỀU","RƯỢU, CON TRAI (CON HẾN)","Chữa kinh nguyệt ra quá nhiều","Mỗi lần dùng 150g thịt con trai, rửa sạch cho dầu lạc vào chảo rán thơm, xào chín, sau đó cho vào 2-3 thìa rượu, 1 thìa nước gừng, muối. Ăn hết 1 lần trong ngày.","Bổ máu, bổ âm, trừ thấp, điều hoà kinh nguyệt.","","","","",""
146,"CHỮA CHỨNG KINH NGUYỆT RA NHIỀU","CAO A GIAO, LÁ NGẢI","Chữa kinh nguyệt ra nhiều","Cao A Giao 15g, hoà tan, lá ngải, sinh địa mỗi thứ 15 g, sắc lấy nước uống.","","","","","",""
146,"CHỮA CHỨNG KINH NGUYỆT RA NHIỀU","LÁ HẸ XÀO GAN DÊ","Chữa kinh nguyệt ra quá nhiều","Mỗi lần có thể dùng 100g lá hẹ, rửa sạch, thái khúc. Gan dê 120g thái mỏng, nấu chín ăn.","Bổ huyết, điều hòa kinh nguyệt.","","","","",""
146,"CHỮA CHỨNG KINH NGUYỆT RA NHIỀU","SÒ BIỂN, THỊT LỢN NẠC","Chữa kinh nguyệt ra quá nhiều.","Sò biển 50g - 100g, nấu với thịt lợn ăn trước khi hành kinh.","","","","","",""
146,"CHỮA CHỨNG KINH NGUYỆT RA NHIỀU","MAI RÙA, HOÀNG BÁCH","Chữa kinh nguyệt ra quá nhiều.","Mai rùa, hoàng bách, hoàng cầm, bạch thược tươi, hương phụ tử đã chế biến, mỗi thứ 15g. Sắc kỹ lấy nước uống.","","","","","",""
147,"CHỮA CHỨNG KINH NGUYỆT RA ÍT","CAO BỔ HUYẾT, ĐƯƠNG QUY","Chữa kinh nguyệt ra ít do huyết hư thận suy (kinh nguyệt ra tí một, rồi hết, màu đỏ tươi hoặc đỏ nhạt, da mặt khô, vàng, váng đầu, tim đập loạn nhịp, lưng gối đau mỏi, nhạt miệng, bựa lưỡi trắng, mạch trầm).","Hoàng kỳ 100g, đương quy 20g, cho vào 500ml nước, sắc lấy 300ml, cho vào 100ml mật ong, cô thành cao. Mỗi lần uống 20ml. Ngày uống 3 lần.","Bổ huyết","Những người âm hư, hỏa thịnh không được dùng bài thuốc này.","","","",""
147,"CHỮA CHỨNG KINH NGUYỆT RA ÍT","ÍCH MẪU, ĐƯỜNG","Chữa kinh nguyệt ra ít do khí huyết ngưng trệ (kinh nguyệt ra ít màu tím, vón cục, bụng dưới trướng đau, lưỡi thâm, mạch trầm).","Ích mẫu 60g, cho nước vào sắc lấy 200 ml, cho vào 50g đường đỏ, quấy đều, uống nóng. Uống xong, lấy túi nước nóng chườm bụng.","Chữa khỏi tụ máu, kinh nguyệt ít.","Những người huyết hư, không tụ máu, không được dùng bài thuốc này.","","","",""
147,"CHỮA CHỨNG KINH NGUYỆT RA ÍT","SƠN TRA, MÀNG MỀ GÀ","Chữa kinh nguyệt ra ít do khí huyết ngưng trệ (bệnh trạng như trên)","Sơn tra tươi 60g, bỏ hạt, sấy khô, tán nhỏ. Màng mề gà tươi 30g, sao khô tán nhỏ. Trộn 2 vị đó với nhau sắc lấy nước uống. Mỗi lần uống 15g. Ngày uống 3 lần.","Uống liên tục nhiều lần, chữa khỏi kinh nguyệt mọi dạng. Những người khí hư, có thể dùng sâm, hoàng kỳ sắc uống. Những người âm hư có thể dùng mạch môn, sinh địa, sa sâm sắc uống.","Những người huyết hư không được dùng bài thuốc này","","","",""
148,"CHỮA CHỨNG HÀNH KINH ĐAU","SƠN TRA NGÂM RƯỢU","Chữa hành kinh đau (đau trước khi hành kinh (bệnh trạng : Khí huyết ngưng trệ, bụng dưới lúc đau, lúc cảm thấy lạnh, hành kinh không thông suốt, máu tím, sẫm, có huyết cục, bựa lưỡi trắng, lưỡi thâm hoặc có nốt máu tụ, mạch trầm huyền)).","Sơn tra khô 200g (bỏ hạt), ngâm vào 300ml rượu (60° trở lên). Ngâm trong 1 tuần thì dùng được. Mỗi lần uống 10 - 20ml. Ngày 2 lần","Chứng huyết hư - nhiệt, không được dùng bài thuốc này.","","","","",""
148,"CHỮA CHỨNG HÀNH KINH ĐAU","LÁ NGẢI","Chữa hành kinh đau (bệnh trạng như trên)","Lá ngải 15g, sắc lấy nước, cho vào ít đường đỏ để uống. Ngày uống 2 lần.","Những người âm hư, huyết nhiệt, trước kỳ kinh nguyệt không được dùng bài thuốc này","","","","",""
148,"CHỮA CHỨNG HÀNH KINH ĐAU","ĐAN SÂM, RƯỢU","Chữa hành kinh đau (bệnh trạng như trên)","Đan sâm 100g, rượu trắng 500ml, ngâm trong 7 ngày, ngày uống 2 lần, mỗi lần 10ml.","","Người âm hư, máu nóng, không dùng bài thuốc này","","","",""
148,"CHỮA CHỨNG HÀNH KINH ĐAU","CAO SÂM, HOÀNG KỲ, TÁO TÀU","Chữa hành kinh đau, chứng hư (khi kinh nguyệt hoặc sau thời kỳ kinh nguyệt, khí huyết đều hư, bụng dưới đau, ấn xuống thì bớt đau, kinh nguyệt ra ít, màu nhạt, cơ thể mệt mỏi, bựa lưỡi trắng, nhạt miệng, mạch yếu)","Đảng sâm 50g, hoàng kỳ 100g, đương quy 30g, táo tàu 20 quả. Sắc 2 nước lấy 500 ml, bỏ bã thuốc cho vào 100g đường đỏ, quấy đều, cô đặc. Mỗi lần dùng 20ml, mỗi ngày 3 lần.","Bổ khí huyết, giảm đau","Những người âm hư, máu nóng, cảm nhiệt chưa khỏi không được dùng bài thuốc này.","","","",""
148,"CHỮA CHỨNG HÀNH KINH ĐAU","GÀ ĐEN, TRẦN BÌ","Chữa hành kinh đau chứng hư (bệnh trạng như trên)","Thịt gà trống đen 500g (thái miếng) trần bì 3 g, gừng 3g, hồ tiêu 6g, thảo quả 2 quả, hành muối chua 1 ít. Tất cả cho vào ninh nhừ (nhỏ lửa). Ăn thịt, uống nước.","Ôn trung, bổ dạ dày, tăng khí huyết.","Những người âm hư, máu nóng, kinh nguyệt ra trước định kỳ, không được dùng bài thuốc này","","","",""
148,"CHỮA CHỨNG HÀNH KINH ĐAU","HẠT QUẢ VẢI, TÔ MỘC, TIỂU HỒI","Chữa chứng đau lưng, đau bụng trong thời kỳ hành kinh.","Hạt quả vải 200g, tô mộc 100g, tiểu hồi 10g, ngâm với 1000ml rượu trong 15 ngày. Uống trước hay sau khi hành kinh đều được.","Bổ máu, điều hoà kinh nguyệt, giảm đau","","","","",""
148,"CHỮA CHỨNG HÀNH KINH ĐAU","HẠT HOÀNG BÌ, HẠT CAM, MỘC NHĨ","Chữa chứng đau bụng, đau lưng trong khi có kinh nguyệt.","Hạt hoàng bì 50g, hạt cam 50g, cam thảo 15g, cho vào nửa bát rượu, nửa bát nước, sắc lấy nước uống.","Bổ máu, giảm đau","","","","",""
148,"CHỮA CHỨNG HÀNH KINH ĐAU","HẠT CỦ CẢI, CỦ CẢI, TRẦN BÌ NẤU VỚI RUỘT LỢN NON","Phụ nữ béo, đau bụng khi hành kinh, thường ngày có nhiều đờm.","Hạt củ cải 50g, củ cải 1 củ, trần bì 15g, ruột non lợn 1 đoạn, ninh nhừ, lấy nước uống.","điều hòa kinh nguyệt, giảm đau.","","","","",""
148,"CHỮA CHỨNG HÀNH KINH ĐAU","TRỨNG GÀ NẤU VỚI CỎ ÍCH MẪU","Đau bụng khi hành kinh do khí huyết ngưng trệ.","Ích mẫu 30 - 60g, trứng gà 2 quả, cho vào nước đun sôi, trứng chín, bóc bỏ vỏ. Nấu chín kỹ ích mẫu với trứng gà. Ăn trứng, uống nước.","Giảm đau, khỏi tích huyết","","","","",""
148,"CHỮA CHỨNG HÀNH KINH ĐAU","TRỨNG VỊT VỎ TRẮNG, GỪNG TƯƠI, RƯỢU","Chữa chứng khi hành kinh đau bụng dưới hoặc đau vùng dạ dày, không muốn ăn uống.","Trứng vịt vỏ trắng 3 quả, gừng tươi 25g. hòa trứng vịt vào nửa bát rượu, quấy đều, cho vào 1 ít đường trắng + gừng, đun sôi kỹ. Ăn hết 1 lần.","Điều hoà kinh nguyệt, giảm đau","","","","",""
148,"CHỮA CHỨNG HÀNH KINH ĐAU","GỪNG TƯƠI, ĐƯỜNG ĐỎ","Đau bụng khi hành kinh","Gừng tươi, đường đỏ, mỗi thứ 50g sắc lấy nước uống.","Điều hoà kinh nguyệt, giảm đau","","","","",""
148,"CHỮA CHỨNG HÀNH KINH ĐAU","LÁ NGẢI, GỪNG TƯƠI, TRỨNG GÀ","Chữa hành kinh đau","Mỗi lần dùng 10g lá ngải, 15g gừng tươi, 2 quả trứng gà, trứng gà luộc chín bóc vỏ, cho trứng, lá ngải, gừng vào nước vừa đủ. Nấu chín nhừ. Ăn trứng, uống nước.","Điều hoà kinh nguyệt, giảm đau.","","","","",""
148,"CHỮA CHỨNG HÀNH KINH ĐAU","ĐẬU TƯƠNG, TÔ MỘC","Chữa chứng hành kinh đau bụng.","Đậu tương 50g (sao vàng tán nhỏ), tô mộc 12g, nấu chín kỹ cho vào 1 ít đường đỏ. Ăn hết 1 lần.","Bổ máu, giảm đau","","","","",""
148,"CHỮA CHỨNG HÀNH KINH ĐAU","TÁO TÀU, GỪNG KHÔ","Chữa chứng hành kinh đau bụng.","Táo 30g, gừng khô 10g, đường đỏ 30g sắc lấy nước uống.","Điều hoà kinh nguyệt, giảm đau","","","","",""
148,"CHỮA CHỨNG HÀNH KINH ĐAU","XUYÊN KHUNG, TRỨNG GÀ","Chữa chứng hành kinh đau bụng","Mỗi lần dùng 6 - 9g xuyên khung, 2 quả trứng gà, cho vào nước, đun sôi, trứng gà chín, bóc bỏ vỏ, cho trứng vào đun tiếp ít phút. Ăn trứng, uống nước.","Điều hoà kinh nguyệt, giảm đau","","","","",""
148,"CHỮA CHỨNG HÀNH KINH ĐAU","CÂY TƯỜNG VI, TRỨNG GÀ, CÂY THẤT DIỆP (CÂY KÉN)","Chữa hành kinh đau","Mỗi lần dùng 60g rễ cây tường vi tươi (nếu khô thì 30g), 9g cây thất diệp, cho vào 3 bát nước, sắc lấy 1 bát, vớt bỏ bã thuốc. Lấy 2 quả trứng gà, luộc chín bóc bỏ vỏ, cho trứng vào nước thuốc đun sôi kỹ, cho vào 1 ít rượu. Ăn trứng uống nước thuốc. Uống trước lúc có hành kinh vài ngày. Mỗi ngày 1 lần. Điều trị liên tục 2 - 4 ngày.","Bổ huyết, giảm đau","","","","",""
149,"CHỮA CHỨNG TẮC KINH NGUYỆT","KÊ HUYẾT ĐẰNG, TRỨNG GÀ","Chữa tắc kinh do khí huyết hư (thiếu nữ đến 18 tuổi mà không thấy kinh hoặc kinh nguyệt đến quá trên 3 tháng, gọi là bệnh tắc kinh. Bệnh trạng tắc kinh do khí huyết hư là: váng đầu, ù tai; tim đập loạn nhịp, hụt hơi, thân thể mệt mỏi, nhạt miệng, mạch trầm)","30g kê huyết đằng, 2 quả trứng gà cho vào nước đun sôi, trứng chín vớt ra, bóc bỏ vỏ. Cho trứng vào đun tiếp, cho 1 ít đường trắng vào nước kê huyết đằng đun sôi kỹ. Ăn trứng, uống nước thuốc ngày 2 lần.","Bổ khí huyết, sinh huyết, thông kinh nguyệt. Đây là bài thuốc thông dụng, không phải kiêng kỵ gì.","","","","",""
149,"CHỮA CHỨNG TẮC KINH NGUYỆT","BỘT ĐỈA, SƠN DƯỢC","Chữa tắc kinh do khí huyết ngưng trệ, (bệnh trạng : tắc kinh đau bụng, bụng trướng, tinh thần phiền muộn, nóng nảy dễ nổi cáu, lưỡi thâm, mạch huyền)","Đỉa sống 30g, sao vàng, tán thành bột, sơn dược tươi 250g, nghiền thành bột. Mỗi lần dùng 20g bột sơn dược, hoà với nước đun sôi thành cháo, cho vào cháo 1 ít đường đỏ và 1 - 2g bột đỉa. Mỗi ngày uống 2 lần.","Sinh huyết, thông kinh nguyệt những người cơ thể khỏe mạnh, huyết ngưng trệ, tắc kinh cũng dùng bài thuốc này.","Những người huyết hư, tắc kinh không dùng bài thuốc này.","","","",""
149,"CHỮA CHỨNG TẮC KINH NGUYỆT","NHÂN HẠT ĐÀO, TIẾT DÊ","Chữa tắc kinh do khí huyết ngưng trệ (bệnh trạng như trên)","Nhân hạt đào 12g, Tiết dê tươi (đã đông) 200g, cho vào 500ml nước, ninh nhừ, cho thêm ít muối ăn. Mỗi ngày 1 - 2 lần, ăn vào 2 bữa cơm","Thông khí huyết, thông kinh nguyệt","Người tắc kinh do khí huyết hư, không được dùng bài thuốc này.","","","",""
149,"CHỮA CHỨNG TẮC KINH NGUYỆT","CÁ MỰC, NHÂN HẠT ĐÀO","Chữa tắc kinh","1 con cá mực, 15g nhân hạt đào nấu chín ăn hết 1 lần","","","","","",""
149,"CHỮA CHỨNG TẮC KINH NGUYỆT","GỪNG XÀO, CÁ MỰC","Chữa tắc kinh do huyết hư","Mỗi lần dùng 30 - 50g gừng tươi thái sợi, cá mực (bỏ mai) khoảng 25g, rửa sạch, thái nhỏ cho dầu, muối ăn vào xào chín. Ăn vào bữa cơm.","Sinh huyết, thông kinh nguyệt","","","","",""
149,"CHỮA CHỨNG TẮC KINH NGUYỆT","BA BA, TRẠCH LAN HẤP CÁCH THỦY","Chữa tắc kinh nguyệt","Mỗi lần dùng 1 con ba ba sống, nhúng ba ba vào nước sôi để ba ba bài tiết hết chất bẩn sau đó rửa sạch, mổ bỏ hết ruột gan, lấy 10g lá cây trạch lan, thái nhỏ cho vào bụng ba ba (để nguyên mai). Hấp cách thủy, cho đến khi chín nhừ, cho vào 1 ít rượu. Cách ngày ăn 1 lần. Điều trị liên tục 3 - 5 lần.","Thông huyết, bổ âm, thông kinh. Bài thuốc này còn có thể chữa trị sưng lá lách sau khi sốt rét.","","","","",""
149,"CHỮA CHỨNG TẮC KINH NGUYỆT","MAI BA BA, BỒ CÂU TRẮNG HẤP CÁCH THỦY","Chữa tắc kinh nguyệt do cơ thể suy nhược.","Mỗi lần dùng 30g mai ba ba, 1 con chim bồ câu trắng. Làm thịt bồ câu, làm sạch lông, bỏ ruột gan, tán mai ba ba thành bột, cho vào bụng chim bồ câu, cho vào 1 ít rượu. Hấp cách thủy đến khi chín nhừ. Cho vào 1 ít gia vị ăn hết 1 lần.","Tăng cường khí huyết, thông kinh nguyệt","","","","",""
149,"CHỮA CHỨNG TẮC KINH NGUYỆT","CON TẰM, RƯỢU","Chữa tắc kinh nguyệt","Dùng 60g con tằm (để nguyên con tằm, sao khô) cho vào 500ml rượu, đun sôi vài phút, dùng vải lọc lấy nước, bỏ bã. Mỗi ngày uống 1 lần. Mỗi lần 20 - 30 ml.","Thông kinh nguyệt","Sau khi thông kinh nguyệt thì lập tức ngừng uống. Bài thuốc này cũng có tác dụng chữa trị cho chứng lưng gối đau mỏi, tay chân hoạt động khó khăn.","","","",""
149,"CHỮA CHỨNG TẮC KINH NGUYỆT","MỘC NHĨ, TÔ MỘC, RƯỢU","Kinh nguyệt đột nhiên tắc, quá 1, 2 tháng có hiện tượng trướng bụng.","Mộc nhĩ 50g, Tô mộc 50g, cho vào 1 bát nước và 1 bát rượu, sắc lấy 1 bát, uống hết 1 lần.","Sinh máu, thông kinh nguyệt.","","","","",""
149,"CHỮA CHỨNG TẮC KINH NGUYỆT","SỮA, NƯỚC LÁ HẸ","Kinh nguyệt đột nhiên tắc, quá 1, 2 tháng có hiện tượng trướng bụng","Sữa người 1 cốc, nước lá hẹ 1 cốc. Đun sôi uống hết 1 lần vào sáng sớm khi bụng đói.","bổ huyết, thông kinh nguyệt","","","","",""
149,"CHỮA CHỨNG TẮC KINH NGUYỆT","UỐNG NƯỚC CHÈ XANH, ĐƯỜNG TRẮNG","Kinh nguyệt đột nhiên tắt, quá 1,2 tháng có hiện tượng trướng bụng.","Chè xanh 25g, đường trắng 100g, lấy 2 bát rưỡi nước sôi hãm chè, đường ngâm lộ thiên qua 1 đêm. Hôm sau uống hết 1 lần.","Sinh huyết, thông kinh nguyệt","","","","",""
149,"CHỮA CHỨNG TẮC KINH NGUYỆT","GAN LỢN, TÁO TÀU, BÍ ĐAO","Phụ nữ cơ thể suy nhược, kinh nguyệt giảm từng tháng, dẫn đến mất hẳn, hoặc 1,2 tháng mới có 1 lần.","200g gan lợn, 20 quả táo, 1 quả bí đao. Gọt bí đao, bỏ vỏ, bỏ hột. Tất cả cho nước ninh nhừ, ăn.","Bổ máu, thông kinh nguyệt.","","","","",""
149,"CHỮA CHỨNG TẮC KINH NGUYỆT","MỘC NHĨ, TÁO TÀU, GÀ MÁI","Phụ nữ cơ thể suy nhược, kinh nguyệt hàng tháng giảm, đau đầu và mất hẳn. Hoặc cách 1, 2 tháng mới có.","Gà mái 1 con, mộc nhĩ 50g, táo 10 quả. Gà làm sạch, bỏ mật. Tất cả ninh nhừ ăn hết 1 lần.","Bổ huyết, thông kinh nguyệt.","","","","",""
149,"CHỮA CHỨNG TẮC KINH NGUYỆT","NƯỚC LÁ HẸ, NƯỚC GIẢI TRẺ EM","Kinh nguyệt không thông. Máu tươi ra từ miệng mũi.","Nước lá hẹ 1 cốc, nước giải trẻ em 1 cốc. Hoà với nước sôi uống hết.","","","","","",""
149,"CHỮA CHỨNG TẮC KINH NGUYỆT","MAI BA BA, CHIM BỒ CÂU","Tắc kinh nguyệt","30g mai ba ba tán thành bột, cho vào bụng chim bồ câu (đã làm sạch) cho vào ít rượu, nước vừa đủ, ninh nhừ, ăn hết 1 lần.","Bổ huyết, thông kinh nguyệt.","","","","",""
149,"CHỮA CHỨNG TẮC KINH NGUYỆT","LÁ NGẢI, GỪNG TƯƠI, TRỨNG GÀ","Tắc kinh nguyệt","Mỗi lần dùng 10g lá ngải, 15g gừng tươi, 2 quả trứng gà, nước vừa đủ, luộc chín trứng gà, bóc bỏ vỏ, cho vào luộc chín kỹ. Ăn trứng, uống nước.","Sinh máu, thông kinh nguyệt.","","","","",""
149,"CHỮA CHỨNG TẮC KINH NGUYỆT","ĐƯƠNG QUY, GỪNG TƯƠI, THỊT DÊ","Khô máu, tắc kinh","Mỗi lần dùng 30g đương quy, 12g gừng tươi, 250g thịt dê, hấp cách thủy chín nhừ, ăn hết 1 lần.","Sinh máu, thông kinh nguyệt","","","","",""
149,"CHỮA CHỨNG TẮC KINH NGUYỆT","XUYÊN KHUNG, TRỨNG GÀ","Tắc kinh nguyệt","Mỗi lần dùng 6 - 9g xuyên khung, 2 quả trứng gà, cho vào nước, đun sôi, trứng chín, vớt ra, bóc bỏ vỏ, lại cho đun tiếp chín kỹ. Ăn trứng, uống nước.","Bổ máu, thông kinh nguyệt","","","","",""
149,"CHỮA CHỨNG TẮC KINH NGUYỆT","TÔ MỘC, TRỨNG VỊT","Máu tụ, tắc kinh nguyệt","Mỗi lần 6 - 12g tô mộc, trứng vịt vỏ trắng 1 đến 2 quả. Luộc chín trứng vịt, bóc bỏ vỏ. Rồi cho trứng và tổ mộc nấu kỹ. Ăn trứng, uống nước.","Điều hoà máu, thông kinh nguyệt.","Không được dùng lượng tô mộc quá nhiều. Dùng ít thì điều hòa sinh máu, dùng nhiều sẽ phá hủy máu.","","","",""
149,"CHỮA CHỨNG TẮC KINH NGUYỆT","CỎ ROI NGỰA, GAN LỢN HẤP CÁCH THỦY","Tắc kinh nguyệt","Mỗi lần dùng 60g cỏ roi ngựa tươi (nếu khô thì 30g), 60 - 100g gan lợn, thái nhỏ trộn đều. Hấp cách thủy đến khi chín nhừ thì ăn. Mỗi ngày 1 lần. Điều trị 3 - 4 lần sẽ có hiệu quả.","Thanh nhiệt, giải độc, sinh huyết, thông kinh nguyệt.","","","","",""
149,"CHỮA CHỨNG TẮC KINH NGUYỆT","GỪNG, CÁ MỰC","Tắc kinh nguyệt do huyết hư","Mỗi lần dùng 30 - 50g gừng tươi thái sợi. Cá mực khoảng 250g (bỏ mai) rửa sạch, thái nhỏ, cho dầm muối ăn vào xào chín. Ăn vào 2 bữa cơm.","Tăng khí huyết, bổ máu, thông kinh nguyệt.","","","","",""
149,"CHỮA CHỨNG TẮC KINH NGUYỆT","CON TẰM, RƯỢU","Tắc kinh nguyệt","Dùng 60g con tằm sao vàng, đổ 500 ml rượu, đun sôi vài phút, dùng vải lọc lấy nước bỏ bã. Mỗi ngày uống 1 lần, mỗi lần 25 - 30ml","Tăng cường khí huyết, thông kinh nguyệt.","Sau khi thông kinh nguyệt rồi thì ngừng không uống nữa.","","","",""
149,"CHỮA CHỨNG TẮC KINH NGUYỆT","NHÂN QUẢ ĐÀO, CÁ MỰC","Tắc kinh nguyệt, tụ huyết.","Mỗi lần dùng 10g nhân quả đào, 200g cá mực, rửa sạch, thái nhỏ, cho dầu, muối ăn, nấu chín. Ăn cá mực, uống nước.","Sinh máu, khỏi tụ huyết, bổ âm, thông kinh nguyệt.","","","","",""
149,"CHỮA CHỨNG TẮC KINH NGUYỆT","CỎ ÍCH MẪU, ĐẬU ĐEN","Tắc kinh nguyệt","Mỗi lần dùng 30g cỏ ích mẫu, 60g đậu đen, cho vào 3 bát nước, sắc lấy 1 bát, cho vào 1 ít đường đỏ, 1 - 2 thìa rượu, quấy đều, uống hết 1 lần. Mỗi ngày uống 1 lần, uống liên tục trong 7 ngày.","Sinh máu, khỏi tụ huyết, thông kinh nguyệt","","","","",""
149,"CHỮA CHỨNG TẮC KINH NGUYỆT","THIÊN HƯƠNG LÔ NẤU VỚI THỊT LỢN NẠC","Tắc kinh nguyệt","Mỗi lần dùng 30g thiên hương lô, 100g thịt lợn nạc, cho nước, muối ăn vừa đủ, ninh nhừ, ăn hết 1 lần.","Sinh máu, thông kinh nguyệt.","","","","",""
149,"CHỮA CHỨNG TẮC KINH NGUYỆT","KÊ HUYẾT ĐẰNG, TRỨNG GÀ","Tắc kinh nguyệt","Mỗi lần dùng 32g kê huyết đằng, 2 quả trứng gà, cho vào 2 bát nước, đun sôi. Trứng chín vớt ra, bóc bỏ vỏ, cho trứng vào đun tiếp ít phút cho đến khi nước canh còn khoảng 1 bát, cho vào ít đường trắng. Ăn trứng, uống nước.","Bổ máu, thông kinh nguyệt.","","","","",""
150,"CHỮA CHỨNG ĐẢO NGƯỢC KINH NGUYỆT","NGƯU TẤT, ĐỊA HOÀNG","Đảo ngược kinh nguyệt (trong thời kỳ hành kinh hoặc trước sau thời kỳ kinh nguyệt xuất hiện chảy máu mũi, nhổ, nôn ra máu có tính chất quy luật gọi là đảo ngược kinh nguyệt. Biểu hiện bệnh trạng: Chảy máu mũi, nhổ ra máu, máu đỏ ra nhiều, buồn phiền nôn nóng dễ cáu gắt, miệng đắng, tai ù, tắc kinh nguyệt, hoặc có rất ít, lưỡi đỏ, bựa lưỡi vàng, mạch huyền).","Rễ cỏ tranh, xuyên ngưu tất, địa hoàng tươi mỗi thứ 30g, cho vào 500ml nước, sắc lấy 300ml, cho vào 1 ít đường trắng. Mỗi lần uống 100ml. Mỗi ngày 3 lần.","Hạ hư hỏa, thông kinh mạch, dẫn máu, mát máu, thanh nhiệt. Bài thuốc này sử dụng an toàn, thích hợp chữa trị chứng đảo ngược kinh nguyệt.","Người kinh nguyệt quá nhiều không dùng bài thuốc này.","","","",""
150,"CHỮA CHỨNG ĐẢO NGƯỢC KINH NGUYỆT","NƯỚC LÁ HẸ, NƯỚC GIẢI TRẺ EM","Đảo ngược kinh nguyệt, kinh nguyệt không thông, máu từ mồm mũi tuôn ra.","Nước lá hẹ 1 cốc, nước giải trẻ em 1 cốc. Hoà với nước sôi uống hết 1 lần.","Thông kinh nguyệt, dẫn máu.","","","","",""
151,"CHỮA BĂNG HUYẾT","CHÁO ĐỊA HOÀNG, GẠO TẺ","Băng huyết dạng máu nhiệt (ra nhiều máu đỏ tươi, mặt đỏ, miệng khô, nôn nóng, thiếu ngủ, bựa lưỡi vàng hoặc ít, mạch đập mạnh).","Địa hoàng tươi thái miếng, sắc kỹ, gạn lấy nước. Cho gạo tẻ và đường trắng (hoặc đường phèn) vào nấu thành cháo, cháo chín nhừ, cho vào 100ml nước địa hoàng, quấy đều. Mỗi ngày ăn 2- 3 lần. Mỗi lần 1 bát (khoảng 300ml).","","","","","",""
151,"CHỮA BĂNG HUYẾT","CAO ĐƯƠNG QUY, ĐẢNG SÂM, HOÀNG KỲ","Băng huyết thể tỳ thận hư (âm đạo ra máu đầm đìa không dứt, lúc ít hoặc nhiều, thời gian dài hoặc ngắn. Gọi là \"băng huyết\". (Bệnh trạng tỳ, thận hư; Ra máu dữ dội, hoặc đầm đìa không dính, nhạt máu, sắc mặt nhợt nhạt, thân thể mệt mỏi, chân tay lạnh, ỉa lỏng, nhạt miệng bựa lưỡi trắng, mạch trầm).","Đảng sâm, hoàng kỳ, long nhãn, mỗi thứ 100g, đương quy 50g, cam thảo 30g, táo 20 quả, cho vào 1.000 ml nước, Sắc lấy 700ml nước thứ nhất. Cho vào 500ml, sắc lấy 300ml nước thứ 2. Hoà 2 nước thuốc 1 và 2 với nhau, đun nhỏ lửa, cô lấy 800ml, cho vào 700 đường trắng, quấy đều, cô đặc thành cao. Mỗi lần dùng 20ml. Mỗi ngày uống 3 lần.","Bổ khí huyết, có thể uống liên tục","Những người mắc cảm nhiệt không dùng bài thuốc này.","","","",""
151,"CHỮA BĂNG HUYẾT","MỘC NHĨ ĐEN, TÁO TÀU","Băng huyết do tỳ thận đều hư (bệnh trạng như trên)","Mộc nhĩ đen 15 - 30g, táo 20 - 30 quả. Sắc lấy nước uống. Mỗi ngày uống 1 lần. Liên tục điều trị 10 ngày. Đây là bài thuốc đặc hiệu chữa băng huyết.","","Những người phong hàn, cảm mạo, ho, không được dùng bài thuốc này.","","","",""
151,"CHỮA BĂNG HUYẾT","NGÓ SEN, THAN TÓC","Thời kỳ hành kinh quá ngắn hơn 10 ngày 1 lần, máu đỏ sẫm, ra nhiều, nhưng cơ thể vẫn còn khoẻ mạnh.","Ngó sen 50g, tóc đốt thành than 15g. Sắc lấy 1 bát nước, uống 1 lần.","Bổ huyết, điều hoà kinh nguyệt.","","","","",""
151,"CHỮA BĂNG HUYẾT","CÁ CHÉP, RƯỢU","Kỳ kinh nguyệt quá dài hơn 10 ngày chưa sạch","1/2 kg cá chép, 250g rượu, trộn cá với rượu, nấu chín cá, ăn hết 1 lần. Xương cá đen sao giòn, tán thành bột, uống với rượu vào sáng sớm.","Bổ máu, điều hoà kinh nguyệt.","","","","",""
151,"CHỮA BĂNG HUYẾT","GÀ MÁI, LÁ NGẢI","Thời kỳ hành kinh liên tục kéo dài ngày. Cơ thể suy nhược.","Gà mái 1 con, lá ngải 250g, làm sạch gà, bỏ mật, cho vào 1 bát rượu. Ninh nhừ ăn hết 1 lần.","Điều hoà khí huyết, cầm máu","","","","",""
151,"CHỮA BĂNG HUYẾT","GÀ TRỐNG, RỄ CÂY GAI","Chữa băng huyết","Mỗi lần dùng 1 con gà trống (khoảng 500g) 30g rễ cây gai khô (nếu rễ tươi dùng 60 - 90g) làm sạch gà, bỏ mật, đầu, móng, cho rễ cây gai vào bụng gà. Ninh nhừ, ăn thịt gà, uống nước.","Điều hoà khí huyết, kinh nguyệt","","","","",""
151,"CHỮA BĂNG HUYẾT","QUẢ VẢI, HẠT SEN","Chữa băng huyết","Quả vải khô 20 quả. Hạt sen 60g cho vào 1 bát nước. Ninh nhừ, ăn cái, uống nước.","Điều hoà khí huyết, kinh nguyệt","","","","",""
152,"CHỮA KINH NGUYỆT KHÔNG ĐỀU","CHIM CÚT, ÍCH MẪU","Kinh nguyệt không đều","Dùng 2 quả trứng chim cút, 30g cỏ ích mẫu, đổ nước, luộc trứng chín, bóc bỏ vỏ. Trứng, ích mẫu ninh nhừ, ăn trứng, uống nước.","Tăng cường khí huyết, điều hoà kinh nguyệt","","","","",""
152,"CHỮA KINH NGUYỆT KHÔNG ĐỀU","RỄ CÂY TƯỜNG VI, THẤT DIỆP, TRỨNG GÀ","Kinh nguyệt không đều","Mỗi lần dùng 60g rễ cây tường vi tươi (rễ khô thì dùng 30g) thất diệp 9g. Cho vào 3 bát nước. Sắc lấy 1 bát, bỏ bã. Trứng gà luộc chín bóc bỏ vỏ, cho trứng vào nước thuốc, tiếp tục ninh kỹ, cho vào ít rượu. Uống nước, ăn trứng. Trước kỳ kinh nguyệt 1 - 2 ngày. Điều trị mỗi ngày 1 lần. Liên tục vài ngày.","tăng cường khí huyết, điều hoà kinh nguyệt","","","","",""
152,"CHỮA KINH NGUYỆT KHÔNG ĐỀU","HOÀNG KỲ HẤP VỚI GÀ ĐEN","Kinh nguyệt, không đều","Mỗi lần dùng 30 - 50g hoàng kỳ, nửa con gà đen (bỏ lông, ruột), chặt thành miếng. Hấp cách thủy.","Tăng cường khí huyết, điều hoà kinh nguyệt","","","","",""
152,"CHỮA KINH NGUYỆT KHÔNG ĐỀU","UỐNG RƯỢU THUỐC","Kinh nguyệt không đều. Sau khi đẻ cơ thể suy nhược.","Ngọc trúc, bạch thược, phục linh, Trần bì, ngưu tất, sa sâm, nhục quế, xuyên khung, lục hãn, nhân táo tàu, tiền hồ, linh tiên, nhân giao, thục địa, bắc kỷ, cam thảo, đỗ trọng, mỗi thứ 7g, táo 10 quả. Dùng 1 lít rượu trắng, ngâm thuốc 3 ngày đêm cho vào 500g đường trắng, 500ml nước đun sôi để nguội. Uống trước bữa cơm, mỗi ngày 3 lần mỗi lần 1 cốc nhỏ.","","","","","",""
152,"CHỮA KINH NGUYỆT KHÔNG ĐỀU","TRỨNG GÀ, ÍCH MẪU, XUYÊN KHUNG","Kinh nguyệt không đều.","Ích mẫu 30 - 60g, trứng gà 2 quả, luộc chín trứng gà, bóc bỏ vỏ. Nấu chín kỹ ích mẫu với trứng gà. Ăn trứng, uống nước. Hoặc dùng 9g xuyên khung (thay ích mẫu) với 2 quả trứng gà (bỏ vỏ như trên). Nấu chín, ăn hết 1 lần.","","","","","",""
152,"CHỮA KINH NGUYỆT KHÔNG ĐỀU","ĐẬU NÀNH, TÔ MỘC","Kinh nguyệt không đều","Đậu tương 50g (sao vàng tán nhỏ) tô mộc 2g. Sắc kỹ, cho vào 1 ít đường đỏ. Ăn cái, uống nước hết 1 lần.","","","","","",""
153,"CHỮA CHỨNG BẠCH ĐỚI","XUÂN CĂN BẠCH BÌ","Chữa bạch đới (âm đạo phụ nữ tiết ra chất màu trắng, vàng, xanh lục hoặc trắng hồng, có mùi hôi hoặc không có mùi hôi, chảy ra liên tục, gọi là \"bạch đới\". Bệnh trạng chính : bạch đới màu vàng có tính kết dính, có mùi, âm hộ ngứa ngáy, hoặc đau bỏng rát, nước đái màu nâu, bựa lưỡi vàng, mạch ngưng trệ).","Xuân căn bạch bì 30g (bạch bì tươi thì 60g) cho vào 300ml nước sắc lấy 150 ml nước bỏ bã, cho vào 30g đường trắng hoặc mật ong, mỗi lần uống 30 ml. Mỗi ngày 2 - 3 lần. Bài thuốc có tác dụng chữa viêm tử cung, viêm màng trong tử cung gây ra bệnh bạch đới, chữa bệnh lỵ Amip do âm đạo nhiễm vi khuẩn.","","","","","",""
153,"CHỮA CHỨNG BẠCH ĐỚI","HOA MÀO GÀ, NƯỚC NGÓ SEN","Chữa bạch đới","Dùng 500g hoa mào gà trắng tươi, cho nước vào sắc, lấy 3 nước thuốc, đun nhỏ lửa, cô đặc, hoà vào 500 ml nước ép từ ngó sen tươi, lại tiếp tục đun nhỏ lửa cho đến khi đặc dính, cho vào 500g đường trắng, quấy đều. Mỗi lần uống 20g với nước sôi. Mỗi ngày 3 lần.","Thanh nhiệt, mát máu, khỏi bạch đới, chữa khỏi chứng trùng roi (trichomonas) viêm âm đạo, ngứa âm hộ, dẫn đến bạch đới.","Người mắc chứng đái đường không được dùng bài thuốc này.","","","",""
153,"CHỮA CHỨNG BẠCH ĐỚI","CỎ ROI NGỰA, GAN LỢN","Chữa bạch đới","Dùng 60g cỏ roi ngựa tươi, 100g gan lợn tươi, cỏ roi ngựa, rửa sạch, thái nhỏ, gan lợn thái miếng cả 2 thứ trộn vào nhau. Hấp cách thủy cho đến khi chín kỹ, ăn mỗi ngày 1 lần.","Thanh nhiệt, giảm độc, sinh huyết khỏi ngưng tụ. chữa chứng bạch đới quá nhiều, âm đạo ngứa ngáy tắc kinh, kinh nguyệt ít.","Phụ nữ mang thai, tỳ vị hư nhược không được dùng bài thuốc này.","","","",""
153,"CHỮA CHỨNG BẠCH ĐỚI","CÂY RĂNG NGỰA (CÂY SỐNG ĐỜI) TRỨNG GÀ","Chữa bạch đới","Rau răng ngựa tươi 100g, giã nát vắt lấy nước, cho vào lòng trắng của 2 quả trứng gà, quấy đều hấp chín ăn. Mỗi ngày ăn 1-2 lần.","Thanh nhiệt giải độc, điều hoà khí huyết tiêu sưng, khỏi lỵ, khỏi ngứa âm hộ, khỏi bạch đới.","","","","",""
153,"CHỮA CHỨNG BẠCH ĐỚI","CHÁO GẠO TẺ, PHỤC LINH, XA TIỀN TỬ","Chữa trị bạch đới.","Bột phục linh, xa tiền tử mỗi thứ 30g (cho vào túi vải gói lại để sắc) cho xa tiền tử vào 300ml nước sắc trong nửa giờ, vớt ra, cho 60g gạo và phục linh vào nấu cháo, cháo chín, cho vào một ít đường trắng. Mỗi ngày ăn 2 lần.","Bổ tỳ, khỏi bạch đới","Phụ nữ có mang không được dùng bài thuốc này.","","","",""
153,"CHỮA CHỨNG BẠCH ĐỚI","HOÀNG KỲ HẤP VỚI GÀ ĐEN","Bạch đới do hư hàn (bệnh trạng chính: Bạch đới trong như nước hoặc có màu trắng lượng nhiều, không có mùi hôi, lưng đau mỏi, chân tay lạnh, tinh thần mệt mỏi, chân phù nề, ỉa lỏng, sắc mặt nhợt nhạt, nhạt miệng bựa lưỡi trắng, mạch trầm).","Gà đen 1 con (khoảng 1000g) làm sạch lông bỏ ruột, lấy 50 g hoàng kỳ bỏ vào trong bụng gà, hấp cách thủy cho đến khi chín nhừ, cho vào 1 ít muối. Ăn thịt gà, uống nước vào 2 bữa cơm, hoặc bất kỳ lúc nào trong ngày.","Bổ tỳ, bổ âm, tăng cường khí huyết, chữa các chứng kinh nguyệt không đều, bạch đới quá nhiều, huyết hư, khi hành kinh đau bụng, váng đầu.","","","","",""
153,"CHỮA CHỨNG BẠCH ĐỚI","HÀ THỦ Ô, GÀ MÁI","Bạch đới do hư hàn (bệnh trạng như trên)","Dùng 30g Hà thủ ô (tán nhỏ, bọc trong túi vải) gà mái vàng 1 con (khoảng 1000g). Làm sạch gà, bỏ mật, để tim gan, cho bột Hà thủ ô vào bụng gà cho nước vừa đủ, đun nhỏ lửa, ninh nhừ, vớt bỏ túi bột hà thủ ô, cho vào 1 ít dầu ăn và gừng, rượu. Ăn thịt uống nước.","Bổ âm, bổ máu, bổ gan thận. Phụ nữ mắc chứng bạch đới và sau kỳ sinh đẻ dùng rất tốt.","","","","",""
153,"CHỮA CHỨNG BẠCH ĐỚI","BẠCH QUẢ, TRỨNG GÀ","Bạch đới do hư hàn (bệnh trạng như trên)","Dùng 1 quả trứng gà tươi, 2 nhân bạch quả, đục 1 lỗ nhỏ ở đầu quả trứng gà, cho nhân bạch quả vào trong quả trứng, lấy giấy dán bịt lỗ thủng, hấp cách thủy. Mỗi ngày ăn 1 lần, ăn liên tục nhiều ngày.","Chữa khỏi bệnh bạch đới nước đục, bạch đới quá nhiều, cũng có tác dụng chữa bệnh ỉa chảy do tỳ hư ở trẻ em.","","","","",""
153,"CHỮA CHỨNG BẠCH ĐỚI","ĐẬU PHỤ, BẠCH QUẢ","Bạch đới do hư hàn (bệnh trạng như trên)","Bạch quả 12g (bóc bỏ vỏ) đậu phụ 50g, gạo tẻ 100g. Tất cả nấu thành cháo. Mỗi ngày ăn 1 lần.","Chữa khỏi bạch đới do tỳ hư. Bạch quả ít độc tính, không được dùng quá nhiều lượng. Khi phát hiện thấy váng đầu, sốt, co giật, buồn nôn, thở gấp, môi thâm.... thì phải đến thầy thuốc khám bệnh, không được để lỡ.","","","","",""
153,"CHỮA CHỨNG BẠCH ĐỚI","HOA HƯỚNG DƯƠNG, TRỨNG GÀ","Bạch đới ra nước vàng, đặc dính, mùi hôi, nước đái vàng, ít.","Dùng 25g nhân hạt hướng dương, 2 quả trứng gà, cho vào 2 bát nước, sắc kỹ lấy 1 bát hoà vào 1 ít đường, uống hết 1 lần.","Sinh huyết, hết tụ máu, khỏi bạch đới","","","","",""
153,"CHỮA CHỨNG BẠCH ĐỚI","NGÓ SEN, HOA MÀO GÀ ĐỎ","Bạch đới có màu hồng hoặc toàn màu hồng, có màu đỏ tươi hoặc màu đen, tanh hôi.","Nửa bát nước ngó sen, 2 bông hoa mào gà đỏ cho vào nửa bát nước, đun sôi kỹ, hoà vào 1 ít đường đỏ, uống nước.","Điều hoà máu, khỏi đau","","","","",""
153,"CHỮA CHỨNG BẠCH ĐỚI","CHÂN LỢN, BONG BÓNG CÁ","Bạch đới lâu năm, thân thể suy nhược","Dùng một cái chân lợn, 2 cái bong bóng gà, chân lợn chặt nhỏ, ninh nhừ với bong bóng cá. Ăn hết 1 lần trong ngày.","Bổ khí huyết, khỏi bạch đới.","","","","",""
153,"CHỮA CHỨNG BẠCH ĐỚI","TRỨNG GÀ, HỒ TIÊU","Bạch đới trắng, lạnh, mặt nhợt nhạt, bạch đới thuộc thể hàn.","Lấy 7 hạt hồ tiêu, 1 quả trứng gà, đục 1 lỗ nhỏ phía đầu quả trứng, hồ tiêu tán thành bột cho vào trong quả trứng, dùng mảnh giấy bịt lỗ thủng, nướng chín, bỏ vỏ, ăn trứng.","Sinh huyết, khỏi tụ máu, khỏi bạch đới","","","","",""
153,"CHỮA CHỨNG BẠCH ĐỚI","HÀ THỦ Ô, TRỨNG GÀ","Bạch đới kéo dài","Mỗi lần dùng 60g hà thủ ô, 2 quả trứng gà, cho vào nước đun sôi. Trứng gà chín, bóc bỏ vỏ. Tiếp tục đun sôi ít phút. Ăn trứng, uống nước.","Thanh nhiệt, khỏi bạch đới.","","","","",""
153,"CHỮA CHỨNG BẠCH ĐỚI","THỊT TRAI, RƯỢU","Bạch đới quá nhiều","Mỗi lần dùng 150g thịt trai biển, rửa sạch dùng dầu lạc xào thơm, cho vào 2 - 3 thìa rượu, 1 thìa muối gừng, một ít nước, muối ăn, nấu chín kỹ ăn cả cái lẫn nước.","Điều hoà khí huyết, khỏi bạch đới","","","","",""
153,"CHỮA CHỨNG BẠCH ĐỚI","XA TIỀN THẢO, BÀNG QUANG LỢN","Bạch đới quá nhiều","Mỗi lần dùng 60 - 90g xa tiền thảo (nếu khô thì dùng 20 - 30g) bàng quang lợn khoảng 200g, thái miếng, ninh nhừ, cho 1 ít muối ăn. Ăn cái, uống nước.","Khỏi bạch đới, thanh nhiệt","","","","",""
153,"CHỮA CHỨNG BẠCH ĐỚI","HOA BẠCH LAN, THỊT LỢN NẠC","Bạch đới quá nhiều","Mỗi lần dùng 20g hoa bạch lan tươi (hoa khô dùng 10g), 150 - 200g thịt lợn nạc, cho nước vừa đủ, ninh nhừ, cho 1 ít muối ăn. Ăn hết 1 lần trong ngày.","Bổ âm, khỏi bạch đới.","","","","",""
153,"CHỮA CHỨNG BẠCH ĐỚI","HOA BÔNG, TRỨNG GÀ","Bạch đới quá nhiều","Mỗi lần dùng 10g hạt hoa bông, 2 quả trứng gà, 2 bát nước sạch. Trứng gà luộc chín, bóc bỏ vỏ cho vào luộc tiếp với hoa bông ít phút, rồi hoà vào 1 ít đường trắng. Ăn cả cái lẫn nước.","Bổ thận, tăng cường khí huyết, khỏi bạch đới.","","","","",""
154,"CHỮA CÁC CHỨNG ỐM NGHÉN (BUỒN NÔN, CỒN CÀO TRONG BỤNG, ĐAU LƯỜN, NHỨC ĐẦU, HOA MẮT)","Ô MAI, GỪNG TƯƠI","ốm nghén, gan, dạ dày không ổn (Bệnh trạng: Bồn nôn nhiều, nôn ra nước vàng, đắng, chua, cồn cào trong bụng, tim hồi hộp, đau lườn, bựa lưỡi vàng, mạch huyền).","Ô mai, gừng tươi, mỗi thứ 10g, đường đỏ 1 ít, cho vào 200ml nước, sắc kỹ. Mỗi lần uống 100ml. Ngày uống 2 lần.","Điều hoà gan, dạ dày, cắt cơn nôn","","","","",""
154,"CHỮA CÁC CHỨNG ỐM NGHÉN (BUỒN NÔN, CỒN CÀO TRONG BỤNG, ĐAU LƯỜN, NHỨC ĐẦU, HOA MẮT)","ĐƯỜNG TRẮNG, TRỨNG GÀ, GIẤM","ốm nghén, gan, dạ dày không ổn","Dùng 1 quả trứng gà, 30g đường trắng, 60g giấm, đun sôi giấm, cho đường vào quấy tan, đập trứng gà vào, đun cho trứng chín tới (không chín kỹ). Ăn hết 1 lần, ngày 2 lần.","Bổ âm, khỏi buồn nôn","","","","",""
154,"CHỮA CÁC CHỨNG ỐM NGHÉN (BUỒN NÔN, CỒN CÀO TRONG BỤNG, ĐAU LƯỜN, NHỨC ĐẦU, HOA MẮT)","ĐẬU BẠCH BIỂN, XUYÊN HOÀNG LIÊN","ốm nghén, gan, dạ dày không ổn.","Đậu bạch biển tươi 100g, bột xuyên hoàng liên 10g, quấy đều, uống mỗi lần 10g, uống với nước cơm. Mỗi ngày uống 2 - 3 lần.","Điều hoà dạ dày, mát gan, cắt cơn nôn.","","","","",""
154,"CHỮA CÁC CHỨNG ỐM NGHÉN (BUỒN NÔN, CỒN CÀO TRONG BỤNG, ĐAU LƯỜN, NHỨC ĐẦU, HOA MẮT)","NƯỚC GỪNG, SỮA BÒ","Ốm nghén, tỳ vị suy nhược (bệnh trạng như trên)","Lấy 200ml sữa bò tươi, 100ml nước gừng tươi, 20g đường trắng, cho tất cả vào đun sôi, uống nóng, mỗi ngày uống 2 lần.","Bổ dưỡng dạ dày, cắt cơn buồn nôn","Người mang thai, buồn nôn, vị nhiệt không dùng bài thuốc này.","","","",""
154,"CHỮA CÁC CHỨNG ỐM NGHÉN (BUỒN NÔN, CỒN CÀO TRONG BỤNG, ĐAU LƯỜN, NHỨC ĐẦU, HOA MẮT)","LÁ HẸ, NƯỚC GỪNG TƯƠI","Thời kỳ mang thai, buồn nôn, không muốn ăn uống.","Lấy nửa cốc nước lá hẹ, nửa cốc nước gừng, hoà vào nhau, đun sôi, quấy vào 1 ít đường trắng để uống.","Kích thích tiêu hoá, khỏi buồn nôn.","","","","",""
154,"CHỮA CÁC CHỨNG ỐM NGHÉN (BUỒN NÔN, CỒN CÀO TRONG BỤNG, ĐAU LƯỜN, NHỨC ĐẦU, HOA MẮT)","NƯỚC MÍA, NƯỚC GỪNG TƯƠI","Buồn nôn khi mang thai","Lấy 1 cốc nước đường, một ít nước gừng, hoà với nhau, uống hết 1 lần.","Bổ dưỡng tim, khỏi buồn nôn","","","","",""
154,"CHỮA CÁC CHỨNG ỐM NGHÉN (BUỒN NÔN, CỒN CÀO TRONG BỤNG, ĐAU LƯỜN, NHỨC ĐẦU, HOA MẮT)","SA NHÂN, CÁ CHÉP","Buồn nôn khi mang thai","Mỗi lần có thể dùng 1 con cá chép (khoảng 100 - 120g), 3 g sa nhân (tán nhỏ). Cá chép được đánh sạch vảy, bỏ mật, rửa sạch. Dùng 1 ít dầu ăn, muối trộn với bột sa nhân, nhét vào bụng cá, dùng bột đậu bịt kín vết mổ ở bụng cá. Hấp cách thủy đến khi cá chín nhừ. Mỗi ngày ăn 1 lần. Điều trị liên tục 3, 4 ngày sẽ có hiệu quả.","","","","","",""
154,"CHỮA CÁC CHỨNG ỐM NGHÉN (BUỒN NÔN, CỒN CÀO TRONG BỤNG, ĐAU LƯỜN, NHỨC ĐẦU, HOA MẮT)","NƯỚC GỪNG, MÍA","Chứng buồn nôn khi mang thai (phụ nữ khi mang thai được 2 - 3 tháng, thường buồn nôn, thậm chí buồn nôn không thể ăn uống được).","Mỗi lần dùng 1 cốc nước mía, 1 thìa nước gừng, đun sôi, uống nóng.","Kích thích tiêu hoá, cắt cơn nôn.","","","","",""
154,"CHỮA CÁC CHỨNG ỐM NGHÉN (BUỒN NÔN, CỒN CÀO TRONG BỤNG, ĐAU LƯỜN, NHỨC ĐẦU, HOA MẮT)","QUẢ HOÀNG BÌ","Buồn nôn khi mang thai","Lấy quả hoàng bì tươi rửa sạch, phơi khô, đem muối để dùng dần (dùng muối ăn để muối hoàng bì, như muối cà) mỗi lần dùng 15- 30g hoàng bì muối, cho vào 1 bát rưỡi nước, sắc lấy 1 bát, bỏ bã, uống nước. Có thể cho thêm 1 ít đường trắng. Có thể dùng hoàng bì muối làm món ăn giải khát cũng được.","Khỏi buồn nôn","","","","",""
154,"CHỮA CÁC CHỨNG ỐM NGHÉN (BUỒN NÔN, CỒN CÀO TRONG BỤNG, ĐAU LƯỜN, NHỨC ĐẦU, HOA MẮT)","LÔ CAN (RỄ LAU)","Váng đầu khi mang thai","Dùng 150g rễ lau tươi, 15g trúc nhự, sắc lấy nước, cho 100g gạo tẻ vào nước thuốc nấu thành cháo, cho vào 2 lát gừng tươi. Ăn nóng, ăn hết 1 lần.","An thần","","","","",""
154,"CHỮA CÁC CHỨNG ỐM NGHÉN (BUỒN NÔN, CỒN CÀO TRONG BỤNG, ĐAU LƯỜN, NHỨC ĐẦU, HOA MẮT)","SỪNG HƯƠU, ĐƯƠNG QUY","Hạ huyết áp khi mang thai","Sừng hươu 50g, đương quy 25g. Đem sừng hươu ninh nhừ, bỏ bã, cho đương quy vào sắc kỹ gạn lấy nước uống chia 2 lần trong ngày.","","","","","",""
155,"CHỮA CHỨNG KHI CÓ THAI ĂN ÍT, BÍ ĐÁI","QUẢ CHANH","Khi mang thai ăn ít","Quả chanh tươi 500g, bỏ vỏ, bỏ hạt, cắt miếng, trộn với 250g đường trắng, ngâm 1 ngày. Đem đun nhỏ lửa cho đến khi cạn hết nước, tắt lửa, để nguội, có thể trộn thêm ít đường trắng để ăn.","Khai vị, an thai","","","","",""
155,"CHỮA CHỨNG KHI CÓ THAI ĂN ÍT, BÍ ĐÁI","HẠT HƯỚNG DƯƠNG, THỊT LỢN NẠC","Trong thời kỳ mang thai bí đái hoặc đái nhiều lần, lượng nước đái ít.","Nhân hạt hoa hướng dương 25g, thịt lợn nạc 150g. Ninh nhừ ăn thịt, uống nước.","Lợi tiểu","","","","",""
155,"CHỮA CHỨNG KHI CÓ THAI ĂN ÍT, BÍ ĐÁI","RÂU NGÔ","Trong thời kỳ mang thai bí đái hoặc đái dắt.","Dùng 25g râu ngô, cho vào 1 bát rưỡi nước, sắc kỹ uống hết 1 lần.","Thông tiểu tiện","","","","",""
156,"CHỮA CHỨNG TÁO BÓN KHI MANG THAI","CHUỐI TIÊU","Táo bón khi mang thai","Chuối tiêu 5-6 quả, ăn trong 1 ngày","Khỏi táo bón","","","","",""
156,"CHỮA CHỨNG TÁO BÓN KHI MANG THAI","HẠNH NHÂN, ĐÀO, VỪNG ĐEN","Chữa táo bón khi mang thai","Dùng 25g hạnh nhân, 50g quả hồ đào, 50g vừng đen, trộn đều với nước, nấu chín, cho vào ít đường đỏ nấu thành chè để ăn.","Nhuận tràng, khỏi táo bón.","","","","",""
156,"CHỮA CHỨNG TÁO BÓN KHI MANG THAI","MẬT ONG","Chứng táo bón trong thời kỳ có mang","Dùng mật ong 150ml, uống với nước sôi vào sáng sớm mỗi ngày.","Khỏi táo bón","","","","",""
156,"CHỮA CHỨNG TÁO BÓN KHI MANG THAI","KHOAI LANG, GỪNG TƯƠI","Phụ nữ sau khi sinh đẻ bị táo bón","Mỗi lần dùng 300 - 500g khoai lang, gọt vỏ thái miếng, luộc chín nhừ cho vào 1 ít đường, 2 lát gừng tươi, tiếp tục đun sôi ít phút. Ăn hết 1 lần trong ngày.","Khỏi táo bón","","","","",""
157,"CHỮA ĐẺ NON THEO THÓI QUEN (ĐẺ NON CÓ TRIỆU CHỨNG BÁO TRƯỚC)","HẠT SEN, LONG NHÃN, SƠN DƯỢC","Có triệu chứng báo trước đẻ non do tỳ, thận khí hư (triệu chứng: Âm đạo chảy máu, bụng dưới đau trìu xuống, lưng chân mỏi và đau, nhạt miệng, bựa lưỡi trắng, mạch yếu).","Hạt sen, long nhãn, mỗi thứ 50g cho nước vừa đủ, đun nhỏ lửa, ninh nhừ hạt sen long nhãn, cho vào 100g bột sơn dược quấy đều thành cháo. Mỗi ngày ăn 1- 2 lần.","Bổ tỳ, thận, tăng cường khí huyết. Những người tiền sử hay có chứng sảy thai, đẻ non; Người đang mang thai cũng có thể dùng bài thuốc này để uống phòng rất tốt.","","","","",""
157,"CHỮA ĐẺ NON THEO THÓI QUEN (ĐẺ NON CÓ TRIỆU CHỨNG BÁO TRƯỚC)","NHÂN SÂM, HOÀNG KỲ","có triệu chứng báo trước đẻ non, do tỳ, thận, khí đều hư (triệu chứng như trên).","Nhân sâm 15g, hoàng kỳ 30g, sinh địa 20g, cao A Giao 30g. Cho sâm, hoàng kỳ, sinh địa vào 500ml nước sắc 2 lần; Hoà 2 nước thuốc cô lại còn 300 ml. Mỗi ngày uống 2 - 3 lần.","Chữa triệu chứng báo trước doạ đẻ non. Phụ nữ mang thai, cơ thể suy nhược, trước hay bị đẻ non cũng có thể dùng bài thuốc này.","","","","",""
157,"CHỮA ĐẺ NON THEO THÓI QUEN (ĐẺ NON CÓ TRIỆU CHỨNG BÁO TRƯỚC)","DẦU VỪNG, MẬT ONG","Có triệu chứng doạ đẻ non do tỳ, thận, khí huyết hư (bệnh trạng như trên)","Dùng 100g dầu vừng, 200ml mật ong mới, trộn 2 thứ vào nhau, đun nhỏ lửa, quấy đều. Mỗi lần uống 10ml, mỗi ngày uống 2 lần.","giải độc, giữ thai. Phụ nữ mang thai bị táo bón, bị trúng độc, cũng có thể dùng bài thuốc này.","","","","",""
157,"CHỮA ĐẺ NON THEO THÓI QUEN (ĐẺ NON CÓ TRIỆU CHỨNG BÁO TRƯỚC)","TRỨNG GÀ, RƯỢU","Có triệu chứng doạ đẻ non do thì thận khí huyết đều hư (bệnh trạng như trên)","Trứng gà lông vàng 5 quả, rượu 50ml, cho vào ít nước, muối quấy đều, đun sôi trong 30 phút là được. Mỗi ngày uống 1 - 2 lần.","Bổ âm, bổ dưỡng khí huyết, an thai. Những người sau khi đẻ vẫn ra máu, có thể dùng bài thuốc này.","","","","",""
157,"CHỮA ĐẺ NON THEO THÓI QUEN (ĐẺ NON CÓ TRIỆU CHỨNG BÁO TRƯỚC)","GÀ, BỒ CÂU, CHIM CÚT","Có triệu chứng doạ đẻ non do tỳ, thận, khí huyết hư (bệnh trạng như trên)","Gà mái 1 con (khoảng 1.000g), 1 con bồ câu trắng, 1 con chim cút giết chim gà làm sạch lông, bỏ mật, rửa sạch, lấy 6 - 10g sâm cao ly, cho vào bụng chim cút, cho chim cút vào bụng bồ câu, cho chim bồ câu vào bụng gà, cho vào nồi đậy kín, hầm trong 2 tiếng ăn cả cái lẫn nước.","Bổ thận, gan, an thai. Phụ nữ mới có mang hoặc sau khi đẻ non, điều trị bằng bài thuốc trên 2 - 3 lần sẽ có kết quả tốt.","","","","",""
157,"CHỮA ĐẺ NON THEO THÓI QUEN (ĐẺ NON CÓ TRIỆU CHỨNG BÁO TRƯỚC)","CHÁO GẠO NẾP, RỄ CÂY GAI, TÁO TÀU","Có triệu chứng doạ đẻ non do máu nhiệt (Bệnh trạng: có thai vài tháng, động thai đau bụng, âm đạo chảy máu, màu máu đỏ tươi, mặt đỏ, miệng khô, cồn cào trong bụng, buồn phiền, đái ít nước đái đỏ, lưỡi đỏ, bựa lưỡi vàng, mạch không đều).","Rễ cây gai 100g, táo 10 quả, gạo nếp 100g. Trước hết cho rễ gai vào 1.000ml nước, sắc lấy 500ml, sau đó cho gạo nếp, táo vào, nấu cháo. Ăn vào lúc nào tuỳ ý.","Thanh nhiệt, bổ khí huyết, cầm máu, an thai. Đây là bài thuốc dân gian truyền thống chữa động thai. Bài thuốc này cũng thích hợp với người động thai, âm đạo chảy máu, cơ thể suy nhược, máu nóng.","","","","",""
157,"CHỮA ĐẺ NON THEO THÓI QUEN (ĐẺ NON CÓ TRIỆU CHỨNG BÁO TRƯỚC)","CUỐNG QUẢ BÍ NGÔ, CUỐNG ĐÀI SEN","Có triệu chứng doạ đẻ non do máu nóng (Bệnh trạng như trên)","Dùng 3 cái cuống quả bí ngô, 6 cuống đài sen, sao vàng, tán nhỏ, chia làm 3 lần, uống với nước cơm, uống hết trong ngày.","Thanh nhiệt, cầm máu, an thai","","","","",""
157,"CHỮA ĐẺ NON THEO THÓI QUEN (ĐẺ NON CÓ TRIỆU CHỨNG BÁO TRƯỚC)","LÁ NGẢI, TRỨNG GÀ","Đẻ non do thói quen","Mỗi lần dùng 12g lá ngải, 2 quả trứng gà: dùng ấm đất (không dùng nồi xoong bằng đồng, nhôm). Luộc trứng và lá ngải. Trứng chín bóc bỏ vỏ, cho vào đun tiếp ít phút. Ăn trứng, uống nước. Những người mang thai mà trước đã từng sảy thai ở tháng mang thai thứ nhất, thì mỗi ngày uống 1 lần, điều trị liên tục 7-8 ngày. Mang thai ở tháng thứ 2 thì cứ 10 ngày điều trị một lần. Mang thai ở tháng thứ 3 thì nửa tháng điều trị 1 lần. Mang thai ở tháng thứ 4 trở đi thì mỗi tháng điều trị 1 lần cho đến đủ tháng sinh.","An thai","","","","",""
157,"CHỮA ĐẺ NON THEO THÓI QUEN (ĐẺ NON CÓ TRIỆU CHỨNG BÁO TRƯỚC)","SA NHÂN, CÁ DIẾC","Đẻ non do thói quen","Mỗi lần có thể dùng 1 con cá diếc tươi (khoảng 100 - 200g), Sa nhân 3g (tán nhỏ). Cá đánh sạch vẩy, bỏ ruột gan..., rửa sạch, sau đó dùng dầu ăn, muối, trộn với sa nhân, cho vào bụng cá, lấy bột đậu bịt kín vết mổ bụng cá. Hấp cách thủy cho đến khi cá chín nhừ là được. Ăn hết 1 lần trong ngày. Điều trị 3 - 4 lần sẽ có hiệu quả.","An thai","","","","",""
157,"CHỮA ĐẺ NON THEO THÓI QUEN (ĐẺ NON CÓ TRIỆU CHỨNG BÁO TRƯỚC)","RỄ CÂY GAI, GÀ TRỐNG","Đẻ non theo thói quen","Mỗi lần dùng 1 con gà trống (khoảng 500 - 1.000g). Rễ cây gai khô 30g (nếu rễ tươi thì 60 - 90g) Gà làm sạch, bỏ ruột, đầu, chân, cho rễ cây gai vào bụng gà, cho nước vừa đủ, ninh nhừ, cho vào ít muối. Ăn cái uống nước.","Bổ âm, tăng cường khí huyết, an thai","","","","",""
157,"CHỮA ĐẺ NON THEO THÓI QUEN (ĐẺ NON CÓ TRIỆU CHỨNG BÁO TRƯỚC)","THANG BẢO VỆ THAI","Đẻ non do thói quen","Hoàng kỳ (đã sao) 15g, đảng sâm 10g, bạch truật (đã sao) 10g, thục địa 10g, bạch thược 6g, xuyên khung 3g, tục đoạn 10g, sa nhân 3g, hoàng tinh 3g, cam thảo 5g, gạo nếp 50g, cho nước vừa đủ, đổ nước nấu lên ăn. Mỗi ngày dùng 1 thang. Điều trị liên tục 3 - 5 ngày.","Bảo vệ thai","","","","",""
158,"CHỮA ĐẺ KHÓ","PHƯƠNG GIẢI, QUẾ TÂM, NGƯU TẤT","Động thai","Phương giải 2 lạng, quế tâm, ngưu tất, mỗi thứ 30g, tất cả sao vàng, tán thành bột. Uống lúc đói, mỗi lần uống 3g, mỗi ngày 3 lần.","An thai","","","","",""
158,"CHỮA ĐẺ KHÓ","THỊT LỢN NẠC","Nước ối vỡ sớm, khó đẻ","Dùng 1kg thịt nạc tươi, thái miếng, ninh nhừ, vớt hết váng mỡ, uống nước hầm thịt hết 1 lần.","Đẻ dễ","","","","",""
158,"CHỮA ĐẺ KHÓ","GẠO NẾP, CỌNG RƠM","Không còn rặn đẻ, 3, 4 ngày không đẻ được","Dùng 100g gạo nếp, 300g cọng rơm, cho vào 5 bát nước, sắc lấy 1 bát, uống hết 1 lần. Nếu cho thịt gà cùng ninh nhừ với gạo nếp, cọng rơm để lấy nước uống thì càng tốt.","Giúp dễ đẻ","","","","",""
159,"CHỮA ĐỘNG THAI","ĐẬU ĐEN, RƯỢU","Động thai, đau bụng, đau lưng","Đậu đen 150g, rượu 2 bát, sắc kỹ còn 1 bát, uống vào lúc đói.","An thai.","","","","",""
159,"CHỮA ĐỘNG THAI","NHO KHÔ, TÁO TÀU","Động thai.","Nho khô 30g, táo tàu 15g, sắc lấy nước uống.","An thai.","","","","",""
160,"CHỮA PHÙ NỀ KHI CÓ THAI","HOÀNG KỲ, GỪNG, TÁO TÀU","Phụ nữ có mang bị phù thũng (phụ nữ trong thời kỳ mang thai chân thường bị phù nhẹ, sau khi nghỉ ngơi sẽ tự tiêu, đó là hiện tượng bình thường. Nếu phù thũng dẫn đến phù mặt, tứ chi, kéo dài không tiêu thì đó chính là bệnh phù thũng khi mang thai).","Vỏ bí đao, cỏ phục linh, hoàng kỳ mỗi thứ 30g, vỏ gừng tươi 10g, táo 5 quả, cho vào 500ml nước sắc còn 300ml, bỏ bã, cho vào 1 ít đường trắng, quấy đều, chia 2, uống hết trong ngày.","Bổ tỳ, tăng cường khí huyết, lợi tiểu.","Những người bị ngoại cảm phát sốt, không được dùng bài thuốc này.","","","",""
160,"CHỮA PHÙ NỀ KHI CÓ THAI","CHÁO BẠCH PHỤC LINH, GẠO TẺ","Phụ nữ có mang bị phù thũng (bệnh trạng như trên).","Bạch phục linh 30g (tán thành bột) gạo tẻ 60g. Tất cả cho vào nấu cháo, rồi cho vào 1 ít đường trắng. Mỗi ngày 2 lần. Ăn vào 2 buổi sáng, chiều.","Thanh nhiệt, bổ dưỡng khí huyết, lợi tiểu, tiêu phù nề (không phải kiêng kỵ).","","","","",""
160,"CHỮA PHÙ NỀ KHI CÓ THAI","CÁ CHÉP, MỘC NHĨ","Phụ nữ có mang bị phù nề (bệnh trạng như trên).","Dùng 1 con cá chép (khoảng 250g) đánh sạch vẩy, bỏ ruột, mộc nhĩ 25g, xào cá, mộc nhĩ với dầu, muối ăn. Ăn hết trong 1 ngày. Cách 5 ngày ăn 1 lần. Ăn 3 lần sẽ thấy kết quả. Đến kỳ sinh con sẽ đẻ dễ dàng.","","","","","",""
161,"CHỮA CHỨNG ĐỘNG KINH KHI CÓ THAI","HOA CÚC, QUYẾT MINH","Chữa chứng động kinh, có triệu chứng báo trước ở người có thai (bệnh trạng: Phù nề, cao huyết áp, nhức đầu, hoa mắt, buồn nôn, lưỡi đỏ, mạch huyền)","Quyết minh 30g, hoa cúc, hạn liên thảo mỗi thứ 20g, cho vào 500ml nước, sắc lấy 300ml, hòa vào 1 ít đường trắng. Mỗi lần uống 100ml, ngày uống 3 lần.","Mát gan, hạ hỏa. Người cao huyết áp cũng dùng bài thuốc này.","Người có mang không dùng bài thuốc này kéo dài.","","","",""
161,"CHỮA CHỨNG ĐỘNG KINH KHI CÓ THAI","CHÁO HOA CÚC","Chữa chứng động kinh, có triệu chứng báo trước ở người có thai (bệnh trạng như trên).","Hoa cúc (bỏ cuống hoa) phơi khô, tán nhỏ. Mỗi lần dùng 100g gạo tẻ, nấu thành cháo, cho vào cháo 15g bột hoa cúc, quấy đều, đun tiếp ít phút là được. Ăn vào 2 bữa: sớm, chiều. Dùng búp non của hoa cúc (nụ hoa) rửa sạch, cho vào 100g gạo tẻ, 1 ít đường phèn, nước vừa đủ, nấu thành cháo ăn.","Chữa khỏi bệnh động kinh có triệu chứng báo trước.","","","","",""
161,"CHỮA CHỨNG ĐỘNG KINH KHI CÓ THAI","CHÁO TRAI, SÒ BIỂN","Chữa chứng động kinh ở người mang thai. (Bệnh trạng: Đột nhiên hôn mê, ngã gục xuống đất, chân tay co giật, răng nghiến chặt, cổ tê cứng, miệng sủi bọt mép trắng, hoặc có đờm dãi. Khi tỉnh lại mất trí nhớ, lưỡi đỏ, mạch huyền).","Trai biển 50g, sò biển 50g đun lên, gạn lấy 500ml nước, bỏ bã. Cho 100g gạo tẻ vào nước sò, trai, nấu thành cháo. Chia làm 2 lần, ăn hết trong 1 ngày. Đây là bài thuốc cứu người bị chứng động kinh, sau khi tỉnh lại dùng để ăn làm thuốc chữa bệnh.","","","","","",""
162,"CHỮA CHỨNG CHOÁNG NGẤT VÌ MẤT NHIỀU MÁU SAU KHI ĐẺ","TRỨNG GÀ, GỪNG","Choáng ngất vì mất nhiều máu sau khi đẻ, bất tỉnh nhân sự","Trứng gà 2 quả, gừng tươi 15g, giấm 1 bát. Gừng giã nát, cho trứng, giấm vào quấy đều, đun nhỏ lửa, khi trứng chín đều là được.","Cầm máu, giúp mau hồi tỉnh.","","","","",""
162,"CHỮA CHỨNG CHOÁNG NGẤT VÌ MẤT NHIỀU MÁU SAU KHI ĐẺ","LÁ HẸ, RƯỢU","Choáng ngất vì mất nhiều máu sau khi đẻ, bất tỉnh nhân sự.","Lá hẹ 250g, rượu 1 bát. Lá hẹ rửa sạch, thái nhỏ, bỏ vào bát, rồi đổ rượu đã đun sôi vào. Ăn nóng.","Cầm máu, giúp hồi tỉnh nhanh.","","","","",""
162,"CHỮA CHỨNG CHOÁNG NGẤT VÌ MẤT NHIỀU MÁU SAU KHI ĐẺ","ĐƯƠNG QUY, GỪNG TƯƠI HẤP VỚI THỊT DÊ","Choáng ngất, đau bụng khi đẻ.","Đương quy 30g, gừng tươi 15g, thịt dê 250g. Hấp cách thủy cho đến khi chín nhừ để ăn.","Cầm máu, giảm đau.","","","","",""
163,"CHỮA CHỨNG LÊN CƠN SỐT SAU KHI ĐẺ","TỬ HOA ĐỊA ĐINH, BỒ CÔNG ANH","Lên cơn sốt khi đẻ (Bệnh trạng: nhức đầu, rét dữ dội, phát sốt, miệng khát, máu ra tương đối nhiều, màu tím, mùi tanh hôi, nước đái vàng, táo bón, bựa lưỡi vàng, mạch nhanh)","Tử hoa địa đinh, bồ công anh, cây rau đằng, mỗi thứ 30g, cho vào 500ml nước sắc lấy 400ml, vớt bỏ bã, cho vài ít đường đỏ, quấy tan, uống nóng. Mỗi lần uống 200ml. Mỗi tháng 2 lần.","","Cắt cơn sốt thì dừng, không được uống kéo dài.","","","",""
163,"CHỮA CHỨNG LÊN CƠN SỐT SAU KHI ĐẺ","CANH NHÂN SÂM, HOÀNG KỲ, THỊT DÊ","Sau khi đẻ huyết hư, phát sốt (đã từng mất máu, hạ nhiệt, mắt hoa, nhạt miệng, bựa lưỡi mỏng, mạch đập nhanh).","Nhân sâm 10g, hoàng kỳ 30g, đương quy 10g, thịt dê 500g. Ninh nhừ thịt dê cho đến khi nước trắng đục, rồi cho hoàng kỳ, đương quy, sâm vào, đun nhỏ lửa, sôi khoảng 1 tiếng là được. Bỏ bã đương quy và hoàng kỳ. Ăn sâm, thịt, uống nước mỗi ngày 1 lần.","Tăng cường khí huyết.","Ngoại cảm nóng nhiều, rét ít hoặc nhiễm sốt cao không được dùng bài thuốc này.","","","",""
163,"CHỮA CHỨNG LÊN CƠN SỐT SAU KHI ĐẺ","CAO ĐƯƠNG QUY, ÍCH MẪU, XUYÊN KHUNG","Sau khi đẻ, tụ máu, sốt (sau khi đẻ ít ngày lúc nóng, lúc lạnh, máu không ra hoặc ra rất ít, màu đen, có vón cục, bụng dưới đau, lưỡi đỏ, có tụ máu, mạch nhanh).","Đương quy, ích mẫu, mỗi thứ 30g, xuyên khung, nhân quả đào, cam thảo, đan bì, mỗi thứ 10g, gừng nướng 5g, cho vào 500ml nước, sắc lấy 300ml, vớt bỏ bã thuốc ra, cho vào 50ml mật ong, đun sôi, quấy đều thành cao. Mỗi ngày uống 3 lần. Mỗi lần 30ml.","Sinh máu, khỏi tụ máu, cắt cơn sốt.","Những người âm hư, máu nóng, không được dùng bài thuốc này.","","","",""
163,"CHỮA CHỨNG LÊN CƠN SỐT SAU KHI ĐẺ","CANH NHÂN QUẢ ĐÀO, NGÓ SEN","Sau khi để tụ máu sốt (bệnh trạng như trên).","Nhân quả đào 10g, ngó sen trắng 250g, rửa sạch, thái nhỏ, cho vào 500ml nước, nấu lên, cho vào ít muối hoặc đường đỏ. Ăn ngó sen, uống nước canh. Mỗi ngày 1 lần.","Mát máu, sinh máu, khỏi tụ máu, cắt cơn sốt.","","","","",""
164,"CHỮA CHỨNG SAU KHI ĐẺ, MÁU RA QUÁ NHIỀU","CHÁO HOÀNG KỲ, GẠO TẺ","Sau khi đẻ ra quá nhiều máu do khí hư (sau khi đẻ, máu sót lại trong tử cung gọi là máu đẻ, thường thường trên dưới 20 ngày là sạch hoàn toàn, nếu kéo dài quá giai đoạn này, thì gọi là mắc chứng \"máu đẻ không hết\". Do khí hư là vì vốn thể chất suy yếu, khí hư không thể hấp thụ máu. Bệnh trạng: Máu đẻ màu nhạt, loãng, chảy đầm đìa, thần kinh mệt mỏi, viêm lưỡi, mạch yếu).","Hoàng kỳ tươi 30g, sắc lấy nước cho vào 100g gạo, nấu cháo, cho vào 3 g bột cát bì, ít đường đỏ, quấy đều, chia 2 lần. Ăn hết trong 1 ngày.","","","","","",""
164,"CHỮA CHỨNG SAU KHI ĐẺ, MÁU RA QUÁ NHIỀU","CAO LƯƠNG ĐỊA","Sau khi đẻ, máu đẻ ra nhiều do máu nóng. (thường ngày, âm huyết không đủ, khi đẻ lại mất máu quá nhiều, dẫn đến âm huyết hư, hoặc gan nhiệt, âm hư, máu nóng. Gây chảy máu, máu đẻ ra rất nhiều máu đỏ, mùi hôi, mặt đỏ, miệng khô, lưỡi đỏ, mạch nhanh).","Sinh địa, địa cốt bì mỗi thứ 30g, huyền sâm, mạch môn đông, bạch thược, mỗi thứ 15g, cho vào 500 ml nước, sắc lấy 300ml. Cho 60ml nước vào hoà tan 30g cao A Giao, rồi trộn vào 300ml nước thuốc vừa sắc ở trên vào 40ml mật ong. Quấy đều, đun nhỏ lửa, cô đặc thành cao. Mỗi lần uống 20ml. Mỗi ngày 3 lần.","Mát máu, cầm máu.","","","","",""
164,"CHỮA CHỨNG SAU KHI ĐẺ, MÁU RA QUÁ NHIỀU","CAO SƠN TRA, ÍCH MẪU","Sau khi đẻ, máu đỏ vẫn ra nhiều do tụ máu (người lạnh, lưỡi thâm, có nốt máu tụ, mạch huyền).","Sơn tra tươi (bỏ hột, thái nhỏ) ích mẫu mỗi thứ 50g, cho vào 500ml nước, sắc lấy 400ml vớt bỏ bã, cho vào 100g đường cát đỏ, đun nhỏ lửa quấy đều, cô đặc thành cao. Mỗi lần uống 20ml. Mỗi ngày 2 lần.","Sinh máu, tan tụ huyết, bổ trung, bổ dạ dày. Điều trị chống máu đẻ ra nhiều sau khi để do tụ máu rất có hiệu quả. Những người máu nhiệt thì tăng ích mẫu, đường phèn hoặc mật ong.","Những người huyết hư, huyết nhiệt, phải thận trọng khi dùng bài thuốc này.","","","",""
164,"CHỮA CHỨNG SAU KHI ĐẺ, MÁU RA QUÁ NHIỀU","GÀ CON, GỪNG (LOẠI GÀ MỚI NỞ)","Phụ nữ sau khi đẻ ra nhiều máu, nhức đầu, hoa mắt (những người sau khi đẻ 24 tiếng, lượng máu ra quá 400ml thì được coi là ra máu quá nhiều sau khi đẻ).","Chọn 2 - 4 con gà con, làm sạch lông, bỏ ruột, rửa sạch, chặt nhỏ. Lấy 60 - 100 g gừng tươi, gọt bỏ vỏ, đập dập, băm nhỏ, trộn với thịt gà, cho dầu lạc vào xào kỹ, cho thêm gia vị, cũng có thể trộn vào 1 ít rượu. Ăn hết 1 lần trong ngày.","An thần, cầm máu","","","","",""
164,"CHỮA CHỨNG SAU KHI ĐẺ, MÁU RA QUÁ NHIỀU","XUYÊN KHUNG, ĐƯƠNG QUY, GÀ CON","Phụ nữ sau khi sinh đẻ ra quá nhiều máu, nhức đầu hoa mắt.","Mỗi lần dùng 2-5 con gà con trong trứng (sắp nở đã có lông dài) bỏ lông, ruột, chặt nhỏ, trộn với 3g xuyên khung, 9gam đương quy, nấu chín, ăn hết 1 lần trong ngày.","An thần, cầm máu.","","","","",""
164,"CHỮA CHỨNG SAU KHI ĐẺ, MÁU RA QUÁ NHIỀU","TÔ MỘC, TRỨNG VỊT","Sau khi đẻ, ra máu quá nhiều, hoặc sau khi đẻ bụng đau, máu tụ, máu đẻ chảy không ngừng.","Mỗi lần dùng 6 - 12g tô mộc, 1 - 2 quả trứng vịt vỏ trắng. Luộc chín trứng vịt, bóc bỏ vỏ. Cho trứng vịt, tô mộc, luộc trong 30 phút. Ăn cả cái và nước.","Tiêu máu, cầm máu.","Tô mộc không được dùng quá nhiều.","","","",""
165,"SAU KHI ĐẺ THIẾU SỮA","ĐỊA HOÀNG, RƯỢU","Sau khi đẻ ra máu quá nhiều.","Lấy 200ml rượu đổ vào cốc to, cho vào 6g địa hoàng tươi, 10g ích mẫu, đậy nắp kín. Đặt cốc rượu thuốc vào trong nồi nước, đun sôi trong 2 phút. Mỗi lần uống 50ml (uống nóng). Mỗi ngày 2 lần.","Bổ huyết, cầm máu.","","","","",""
165,"SAU KHI ĐẺ THIẾU SỮA","RƯỢU HẦM, CÁ CHÉP HOẶC CÁ DIẾC","Sau khi đẻ thiếu sữa do khí huyết hư. Bệnh trạng: sau khi đẻ, sữa không ra, mặt nhợt nhạt, thở hụt hơi, mệt mỏi, bầu vú mềm, không sưng không đau, viêm lưỡi, bựa lưỡi mỏng, mạch yếu).","+ Dùng 1 con cá diếc còn sống (hoặc cá chép) (nặng khoảng 500g), đánh sạch vẩy, bỏ ruột rửa sạch, cho vào 1 ít nước, đun sôi, cá gần chín thì cho vào 30ml rượu, hầm tiếp cho cá chín nhừ. Ăn cả cái lẫn nước, ngày ăn 1 lần. Dùng 1 con cá diếc còn sống, cho vào 10g thông thảo (một loại thân bắc), nấu lấy nước uống (không cho muối). Mỗi ngày uống 1 lần. Bài thuốc thứ 2, có tác dụng thông tuyến sữa, bổ dưỡng cơ thể. Bài thuốc có tác dụng chữa trị sau khi đẻ, khí huyết kém, sữa không có, hoặc có thể chữa trị phù nề sau khi mang thai.","","","","",""
165,"SAU KHI ĐẺ THIẾU SỮA","THỊT LỢN NẠC NẤU VỚI CẢI CÚC","Sau khi đẻ thiếu sữa do khí huyết hư (bệnh trạng như trên).","Cải cúc 50g, thịt lợn nạc 200g, ninh nhừ, cho vào 1 ít muối ăn. Ăn vào bữa cơm.","Thông sữa (không phải kiêng kỵ gì).","","","","",""
165,"SAU KHI ĐẺ THIẾU SỮA","TÔM TƯƠI, RƯỢU","Sau khi đẻ thiếu sữa do khí huyết hư (bệnh trạng như trên).","Lấy 100g tôm tươi, cắt bỏ râu, cho xào chín, cho 20ml rượu vào đảo đều. Ăn cả cái lẫn nước. Hoặc rang chín tôm, đổ rượu vào trộn đều. Mỗi ngày ăn 2 lần.","Có sữa.","","","","",""
165,"SAU KHI ĐẺ THIẾU SỮA","CANH ĐẢNG SÂM, ĐƯƠNG QUY, CHÂN LỢN","Sau khi đẻ thiếu sữa do khí huyết hư (bệnh trạng như trên).","Đảng sâm, đương quy, hoàng kỳ mỗi thứ 30g, thông thảo 9g, tất cả cho vào túi vải, cho 2 chiếc chân lợn, 30g tôn nôn và túi thuốc hầm kỹ. Đun nhỏ lửa cho đến khi thịt chín nhừ thì vớt túi thuốc ra. Ăn thịt, uống nước, có thể cho vào 1 ít muối ăn.","Tăng cường khí huyết, thông sữa.","Những người mắc chứng tụ máu, máu nóng không được dùng bài thuốc này.","","","",""
165,"SAU KHI ĐẺ THIẾU SỮA","CHÁO ĐẬU ĐỎ, GẠO TẺ","Sau khi đẻ thiếu sữa. (bệnh trạng như trên).","Dùng 50g đậu đỏ, 100g gạo tẻ cho đậu vào ninh nhừ, cho gạo vào nấu thành cháo, có thể cho vào 1 ít đường đỏ. Mỗi ngày ăn 2 lần vào buổi sáng, chiều.","Hạ hỏa, thông máu, lợi tiểu, tiêu sưng phù, bổ huyết, thông sữa.","những người hư hàn, không được dùng bài thuốc này kéo dài.","","","",""
165,"SAU KHI ĐẺ THIẾU SỮA","ĐU ĐỦ, THỊT LỢN, GỪNG TƯƠI","Sau khi đẻ không có sữa hoặc ít sữa","Lấy hai quả đu đủ, 250g thịt lợn, 100g gừng tươi, 500g giấm. Đu đủ gọt bỏ vỏ, hạt, thái thành miếng, cho thịt lợn, đu đủ, gừng vào hầm kỹ. Có thể cho vào ít đường để ăn.","Tăng cường khí huyết, thông sữa.","","","","",""
165,"SAU KHI ĐẺ THIẾU SỮA","CHÂN LỢN, TÁO TÀU, GỪNG, TRẦN BÌ, BA BA","Sau khi đẻ không có sữa hoặc ít sữa.","Lấy 1 con ba ba, một đôi chân lợn, 5 quả táo, 50g gừng tươi, 5 g trần bì. Làm thịt ba ba, bỏ ruột, rửa sạch, thái miếng. Tất cả trộn đều, đổ vào 1 lượng nước vừa đủ ninh nhừ, ăn cả thịt lẫn nước.","Bổ huyết, thông sữa.","","","","",""
165,"SAU KHI ĐẺ THIẾU SỮA","CÁ CHÉP, RƯỢU","Sau khi đẻ không có sữa hoặc ít sữa.","Lấy 1 con cá chép sấy khô, tán thành bột, trước bữa cơm đem bột cá uống với rượu. Mỗi bữa uống 10g bột cá, ngày uống 2 lần.","Tăng cường khí huyết, thông sữa.","","","","",""
165,"SAU KHI ĐẺ THIẾU SỮA","VỪNG","Sau khi đẻ ít sữa.","Mỗi lần có thể dùng 90 - 100g vừng đen, một ít muối ăn. Rang chín. Ăn hết trong ngày. Điều trị trong nhiều ngày sữa sẽ nhiều lên.","","","","","",""
165,"SAU KHI ĐẺ THIẾU SỮA","CHÁO THỎ, GẠO","Sau khi đẻ thiếu sữa.","Lấy 1 đầu con thỏ (tốt nhất là thỏ rừng), gạo tẻ, ninh nhừ, cho gia vị, ăn hết 1 lần.","Bổ huyết, thông sữa.","","","","",""
165,"SAU KHI ĐẺ THIẾU SỮA","CẢI CÚC, ĐẬU TƯƠNG, CHÂN LỢN","Sau khi đẻ thiếu sữa.","Mỗi lần dùng 30g cải cúc, 60g đậu tương, 1 cái chân lợn, nước vừa đủ, ninh nhừ ăn. Mỗi ngày ăn 1 lần hoặc cách 1 ngày ăn một lần. Điều trị liên tục 3 - 5 lần sẽ có kết quả.","Bổ máu, thông sữa.","","","","",""
165,"SAU KHI ĐẺ THIẾU SỮA","ĐU ĐỦ, CÁ ĐỚI","Sau khi đẻ, sữa quá ít.","Mỗi lần dùng 200g cá bạch đới tươi (bỏ ruột), 250g đu đủ tươi (gọt bỏ vỏ, bỏ hột) thái miếng, cho nước vừa đủ, ninh nhừ để ăn.","tăng cường khí huyết, tăng sữa.","","","","",""
165,"SAU KHI ĐẺ THIẾU SỮA","ĐẬU ĐỎ, CÁ CHÉP","Sau khi đẻ, ít sữa.","Mỗi lần dùng 90g đậu đỏ, 300 - 500g cá chép. Cho cá + đậu vào nồi đất, đun nhỏ lửa, chín nhừ là được.","Tăng cường khí huyết, tăng sữa.","","","","",""
165,"SAU KHI ĐẺ THIẾU SỮA","TRỨNG VỊT, VỪNG","Sau khi đẻ, thiếu sữa.","Vừng rang vàng, trộn với 1 ít muối rang chín, tán thành bột. Trứng vịt luộc chín, ăn với vừng.","Tăng cường khí huyết, tăng thêm sữa.","","","","",""
165,"SAU KHI ĐẺ THIẾU SỮA","HẠT MÍT, THỊT LỢN NẠC","Sau khi đẻ thiếu sữa","Mỗi lần có thể dùng 120 - 150g hạt mít, bóc vỏ, hầm với 60 - 90g thịt lợn nạc, cho gia vị ăn hết 1 lần trong ngày.","Bổ khí huyết, tăng thêm sữa","","","","",""
165,"SAU KHI ĐẺ THIẾU SỮA","XUYÊN KHUNG, ĐƯƠNG QUY, THỊT TÊ TÊ","Sau khi đẻ, vú trướng cứng, không có sữa","Mỗi lần dùng 45 - 100g thịt tê tê, 6 - 9g xuyên khung, 5 - 15g đương quy, hấp cách thủy 2 - 3 tiếng. Ăn thịt, uống nước.","Bổ huyết, ra sữa","Những người không bị tụ máu, hoặc có mụn nhọt đã vỡ không dùng bài thuốc này.","","","",""
165,"SAU KHI ĐẺ THIẾU SỮA","CỦ NIỄNG, THÔNG THẢO HẦM VỚI CHÂN LỢN","Sau khi đẻ, thiếu sữa","Mỗi lần dùng 100g củ niễng, thái miếng, 10g thông thảo, 1 chiếc chân lợn, cho nước vừa đủ, ninh nhừ, cho vào 1 ít muối ăn và gia vị. Ăn cả cái lẫn nước. Ăn thịt, cả miếng, uống nước.","Bổ huyết, thông sữa","","","","",""
165,"SAU KHI ĐẺ THIẾU SỮA","ĐẬU PHỤ, CHÂN LỢN","Sau khi đẻ thiếu sữa","Mỗi lần dùng khoảng 200g đậu phụ, 1 cái chân lợn, chặt thành miếng, cho đủ nước, ninh nhừ, sau đó cho đậu phụ vào đun sôi, cuối cùng cho hành, 1 ít dầu ăn, ít muối, đun tiếp vài phút là được. Ăn nóng, ăn hết, 1 lần trong ngày.","Tăng cường khí huyết, tăng thêm sữa","","","","",""
165,"SAU KHI ĐẺ THIẾU SỮA","HẠT BÔNG, TRỨNG GÀ","Sau khi đẻ thiếu sữa","Mỗi lần dùng 100g hạt bông, 2 quả trứng gà cho vào 2 bát nước đun sôi, trứng chín, bóc bỏ vỏ, đun tiếp vài phút nữa, cho vào 1 ít đường, quấy đều. Ăn trứng, uống nước.","Ổn thận, bổ khí huyết, thông sữa.","","","","",""
166,"CHỮA CHỨNG SỮA TỰ CHẢY RA NGOÀI","MẠCH NHA","Sau khi trẻ bú xong, vú mẹ trướng đau, sữa vẫn chảy ra.","Lấy 100g mầm lúa mạch sao vàng, tán thành bột, uống với nước sôi, mỗi lần 25g.","Giảm sưng, khỏi chảy sữa","","","","",""
166,"CHỮA CHỨNG SỮA TỰ CHẢY RA NGOÀI","MẦM LÚA MẠCH, ĐƯỜNG","Vú trướng đau, sữa tự chảy ra quá nhiều.","Mỗi lần dùng 60g mầm lúa mạch, cho vào ít đường đỏ, 2 bát muối, sắc lấy 1 bát, bỏ bã, uống nước. Mỗi ngày 1 lần, điều trị liên tục 2 - 3 ngày","Giảm đau, sữa không chảy tự do","","","","",""
167,"CHỮA SA TỬ CUNG","CHỈ XÁC","Chữa sa tử cung (bệnh trạng chính: Âm đạo có chỗ sa xuống, thường kèm theo mỏi lưng, bụng sa xuống, khi đứng khó chịu, có khi khó đái, sau khi nhiễm bệnh, có dịch lẫn máu mủ thấm ra).","Chỉ xác (đã sao) 60g, thăng ma 15g, hoàng kỳ 30g, cho vào 800 ml nước, sắc lấy 500ml, pha vào 100g đường đỏ. Mỗi lần uống 20 ml, mỗi ngày 3 lần.","","Những người âm hư, hỏa vượng không được dùng bài thuốc này.","","","",""
167,"CHỮA SA TỬ CUNG","HOÀNG KỲ, GÀ ĐEN HẤP CÁCH THỦY","Sa tử cung (Bệnh trạng như trên)","Một con gà (khoảng 1000g) làm sạch lông, bỏ ruột, cho 60g hoàng kỳ vào bụng con gà. Hấp cách thủy cho đến khi chín nhừ, cho vào 1 ít muối. Ăn thịt, uống nước.","Bổ khí huyết, co tử cung","","","","",""
167,"CHỮA SA TỬ CUNG","DẠ DÀY LỢN, CÂY TAY TIÊN (TAY BỤT)","Sa tử cung","Lấy 1 cái dạ dày lợn, 1 cành cây tay bụt, cho tay bụt vào dạ dày lợn. Hầm chín nhừ, ăn cái, uống nước.","","","","","",""
167,"CHỮA SA TỬ CUNG","BA KÍCH, RUỘT GIÀ LỢN","Sa tử cung","Mỗi lần dùng 30g ba kích, 150 - 200g ruột già lợn. Làm sạch ruột lợn, sau đó nhồi ba kích vào ruột lợn. Hấp cách thủy, mỗi ngày ăn 1 lần. Điều trị liên tục nhiều ngày.","Bổ thận, tráng dương.","","","","",""
167,"CHỮA SA TỬ CUNG","HÀ THỦ Ô, GÀ","Sa tử cung","Mỗi lần dùng 30g hà thủ ô (tán nhỏ) 1 con gà (khoảng 500g), gà làm sạch, bỏ ruột, gói bột hà thủ ô bằng 3 lớp vải trắng (để cho bột hà thủ ô lòi ra). Cho gói bột hà thủ ô vào bụng gà. Cho nước vừa đủ, ninh cho đến khi thịt và xương gà nhừ nát, vứt bỏ túi bột hà thủ ô, tra muối, dầu ăn, gừng, rượu. Ăn thịt, uống nước. Chia làm 2 lần, ăn hết trong 1 ngày","Bổ máu, bổ thận, ổn định tử cung","","","","",""
167,"CHỮA SA TỬ CUNG","QUẢ VẢI, RƯỢU","Sa tử cung","Lấy 1.000g quả vải tươi (bóc bỏ vỏ để ngâm lạnh) ngâm vào 1000ml rượu (đã để lâu năm) sau 1 tuần có thể dùng được. Mỗi ngày uống 2 lần vào 2 buổi sáng, chiều","","","","","",""
167,"CHỮA SA TỬ CUNG","QUẢ MƯỚP, RƯỢU TRẮNG","Sau khi đẻ sa tử cung","Lấy vỏ 1 quả mướp già, sao toàn tính, uống với rượu mạnh (50° trở lên). Mỗi lần uống 10g, ngày uống 2 lần.","Bổ khí huyết, co tử cung.","","","","",""
167,"CHỮA SA TỬ CUNG","THỊT RÙA, CHỈ XÁC","Sa tử cung","Lấy 250g thịt rùa, 15g chỉ xác (đã sao) cho nước vừa đủ, nấu chín nhừ, vớt bỏ bã thuốc. Ăn thịt, uống nước.","Bổ khí huyết, co tử cung.","","","","",""
167,"CHỮA SA TỬ CUNG","RỄ KIM ANH HẤP VỚI THỊT GÀ","Sa tử cung","Mỗi lần dùng 60g rễ cây Kim anh, 1 con gà mái (khoảng 500 - 1.000g). Gà làm sạch bỏ ruột, đầu chân, cho rễ kim anh vào bụng gà, trộn vào 1 ít rượu. Hấp cách thủy. Ăn thịt gà, uống nước.","Bổ dưỡng cơ thể, co tử cung.","","","","",""
167,"CHỮA SA TỬ CUNG","THĂNG MA, VỪNG, RUỘT LỢN","Sa tử cung","Mỗi lần dùng 10g thăng ma (có nơi gọi là chu ma), 60g vừng đen, 1 khúc ruột già lợn (khoảng 30cm) rửa sạch. Cho thăng ma, vừng đen vào trong ruột lợn, buộc chặt 2 đầu khúc ruột. Cho nước vừa đủ, ninh nhừ. Bỏ thăng ma vừng đen. Ăn ruột lợn, uống nước. Những người bị táo bón có thể ăn vừng đen.","Bổ khí huyết, bổ thận gan, co tử cung.","Thăng ma không được dùng quá liều lượng để phòng buồn nôn, nhức đầu, hoa mắt và những phản ứng phụ khác.","","","",""
167,"CHỮA SA TỬ CUNG","QUẢ KIM ANH, ĐƯỜNG PHÈN","Sa tử cung","Mỗi lần dùng 15g hạt kim anh, 60 - 90 đường phèn, cho vào 1 bát nước. Hấp cách thủy trong 1 tiếng. Bỏ bã, uống nước.","Co tử cung","","","","",""
167,"CHỮA SA TỬ CUNG","ĐU ĐỦ, GỪNG TƯƠI NẤU VỚI GIẤM","Sa tử cung.","Mỗi lần dùng khoảng 500g đu đủ, 30g gừng tươi, 500g giấm cho vào nồi, nấu chín, ăn.","Nhanh chóng phục hồi thể lực, co tử cung.","","","","",""
168,"CHỮA VÚ MỌC NHỌT, VIÊM TUYẾN SỮA","UỐNG NƯỚC HÀNH","Vú mọc mụn nhọt, sưng đỏ, nóng đau nhức.","lấy 1 cốc nước hành đun sôi uống nóng.","Thanh nhiệt, tiêu sưng, tan mụn nhọt","","","","",""
168,"CHỮA VÚ MỌC NHỌT, VIÊM TUYẾN SỮA","HỘT CAM, RƯỢU","Vú mọc mụn nhọt, sưng đỏ, đau, nhức, nóng","Dùng 25 hột cam sao vàng, 300ml rượu, cho vào 1 bát nước, sắc lấy nước uống.","Thanh nhiệt, tiêu sưng, tan mụn nhọt.","","","","",""
168,"CHỮA VÚ MỌC NHỌT, VIÊM TUYẾN SỮA","CÁ DIẾC, BỒ CÔNG ANH","Vú mọc mụn nhọt, sưng đỏ, đau nhức, nóng.","2 con cá diếc, 100g bồ công anh tươi, cho nước vào, ninh nhừ lấy nước uống. Ngoài ra còn lấy bồ công anh giã nát đắp vào chỗ nhọt.","Tiêu sưng, tan nhọt, giảm đau.","","","","",""
168,"CHỮA VÚ MỌC NHỌT, VIÊM TUYẾN SỮA","QUẢ NGÂN HẠNH, RƯỢU","Vú mọc mụn nhọt, sưng đỏ, đau nhức.","Lấy 200g ngân hạnh giã nát, uống với rượu.","Tiêu sưng, tan nhọt, giảm đau.","","","","",""
168,"CHỮA VÚ MỌC NHỌT, VIÊM TUYẾN SỮA","HƯƠNG PHỤ, RƯỢU","Vú mọc nhọt, sưng đỏ, nóng, đau nhức","Hương phụ 50g, sắc uống với rượu để uống.","Tiêu sưng, tan mụn nhọt, giảm đau.","","","","",""
168,"CHỮA VÚ MỌC NHỌT, VIÊM TUYẾN SỮA","XUYÊN QUY, THỊT TÊ TÊ","Tuyến sữa cương lên, sau khi đẻ vú sưng, rắn đau","Mỗi lần dùng 45 - 100g thịt tê tê, 6 - 9g xuyên khung, 9 - 15g đương quy. Hấp cách thủy 2 - 3 tiếng. Uống nước, ăn thịt.","Thông kinh lạc, tan huyết tụ, tan mụn nhọt.","Những người chưa mắc chứng tụ huyết hoặc mụn nhọt đã vỡ thì không dùng bài thuốc này.","","","",""
168,"CHỮA VÚ MỌC NHỌT, VIÊM TUYẾN SỮA","CÂY TẾ THÁI, TRỨNG GÀ","Viêm tuyến sữa","Mỗi lần dùng 200 - 240g cây tế thái tươi (cây khô thì 60g), rửa sạch, cho vào 3 bát nước, sắc lấy 1 bát, đập 1 quả trứng gà vào nước thuốc, quấy đều, cho vào 1 ít muối. Ăn cả nước lẫn cái. Mỗi ngày 1 - 2 lần. Điều trị liên tục, mỗi tháng là 1 liệu trình.","Giải độc, tiêu viêm.","","","","",""
168,"CHỮA VÚ MỌC NHỌT, VIÊM TUYẾN SỮA","NƯỚC QUẢ BƯỞI, RƯỢU","Viêm tuyến sữa cứng","Lấy 1 quả bưởi tươi, bóc bỏ vỏ, ép múi bưởi lấy nước (khoảng 1/2 bát), pha vào 1 - 2 thìa rượu uống hết 1 lần.","Giải độc, tiêu viêm, giảm đau","","","","",""
168,"CHỮA VÚ MỌC NHỌT, VIÊM TUYẾN SỮA","TRẦN BÌ, CAM THẢO","Viêm tuyến sữa cấp","Mỗi lần dùng 30g trần bì, 6g cam thảo. Mỗi ngày dùng 1 thang, sắc lấy nước uống, chia 2 lần.","Tiêu viêm","","","","",""
169,"GIẢI TỎA CHỨNG BỆNH Ở THỜI KỲ SẮP MÃN KINH","SINH ĐỊA... NẤU VỚI SÒ BIỂN","Giải tỏa các triệu chứng ở người phụ nữ thời kỳ trước khi mãn kinh như: buồn phiền, mặt đỏ, phát sốt, ra mồ hôi, nhức đầu, hoa mắt mất ngủ.","Sinh địa: 20g, thục địa 10g, nữ trinh tử 15g, hạn liên thảo 15g, đan bì 15g, hoàng cầm 15g, lá dâu 15g, nhân táo 25g, cây dạ hợp 20g, dạ giao đằng 50g, long cốt 50g, sò biển 50g. Tất cả cho vào sắc kỹ lấy nước uống.","","","","","",""
169,"GIẢI TỎA CHỨNG BỆNH Ở THỜI KỲ SẮP MÃN KINH","CỎ ROI NGỰA, GAN LỢN","Bệnh ngứa âm đạo","Mỗi lần dùng 60g cỏ roi ngựa tươi (nếu cỏ khô thì 30g), 60 - 100g gan lợn. Gan, cỏ, rửa sạch, thái nhỏ. Hấp cách thủy. Mỗi ngày ăn 1 lần. Điều trị 3 - 4 lần sẽ có hiệu quả.","Thanh nhiệt, giải độc, hết ngứa!","Phụ nữ có thai không được dùng bài thuốc này, những người tỳ vị hư, cơ thể suy nhược, phải thận trọng khi dùng bài thuốc này.","","","",""
170,"CHỮA CƠ THỂ SUY NHƯỢC SAU KHI SINH ĐẺ","ĐƯƠNG QUY, GỪNG, THỊT DÊ","Cơ thể suy nhược sau khi đẻ","Mỗi lần có thể dùng 30g đương quy, 15g gừng tươi, 250g thịt dê, hấp cách thủy, ăn hết 1 lần.","Ổn trung, bổ huyết","","","","",""
170,"CHỮA CƠ THỂ SUY NHƯỢC SAU KHI SINH ĐẺ","BẠCH TUỘC, CHÂN LỢN","Cơ thể suy nhược sau khi sinh đẻ","Mỗi lần dùng khoảng 120g bạch tuộc (đã phơi khô) 1 - 2 chiếc chân lợn. Ninh nhừ, ăn vào 2 bữa cơm. Điều trị vài lần sẽ thấy hiệu quả.","Tăng cường khí huyết, khỏe lưng gối.","","","","",""
170,"CHỮA CƠ THỂ SUY NHƯỢC SAU KHI SINH ĐẺ","ĐẬU ĐEN, CÁ NHEO","Cơ thể suy nhược sau khi sinh đẻ","Mỗi lần dùng 60 - 90g đậu đen, 2 - 4 con cá nheo (chặt bỏ đầu, ruột). Đun nhỏ lửa. Ninh nhừ, ăn hết 1 lần trong ngày.","Bổ máu.","","","","",""
170,"CHỮA CƠ THỂ SUY NHƯỢC SAU KHI SINH ĐẺ","XUYÊN KHUNG, ĐƯƠNG QUY, TRỨNG GÀ LỘN","Cơ thể suy nhược sau khi đẻ","Mỗi lần dùng 2 - 5 con gà con trong trứng (sắp nở đã có lông dài) bỏ lông, ruột, chặt nhỏ, trộn với 5g xuyên khung, 9g đương quy, hấp chín ăn nóng.","Bổ khí huyết. Đây là món ăn dân gian, bổ, rẻ tiền, công hiệu cao.","","","","",""
170,"CHỮA CƠ THỂ SUY NHƯỢC SAU KHI SINH ĐẺ","TRỨNG GÀ LỘN, GỪNG TƯƠI","Cơ thể suy nhược, sau khi sinh đẻ","Chọn 2- 4 quả trứng gà lộn (sắp nở, có lông dài) bóc bỏ vỏ, bỏ lòng, ruột, thái nhỏ. Lấy 60 - 100g gừng tươi, gọt bỏ vỏ, đập dập, trộn với thịt gà. Dùng dầu lạc, xào chín ăn nóng, có thể cho vào 1 ít rượu. Điều trị vài lần sẽ có hiệu quả.","","","","","",""
170,"CHỮA CƠ THỂ SUY NHƯỢC SAU KHI SINH ĐẺ","NƯỚC GỪNG, CÁ MỰC","Sau khi sinh đẻ cơ thể suy nhược","Mỗi lần dùng 250g cá mực tươi, rửa sạch, thái nhỏ, cho dầu ăn, muối ăn, xào chín, tra vào 1 - 2 thìa nước gừng, đun tiếp vài phút là được, ăn vào 2 bữa cơm.","Khai vị, tăng cường khí huyết, bổ máu.","","","","",""
171,"CHỮA BỆNH SAU KHI SINH ĐẺ, TỬ CUNG PHỤC HỒI KÉM, SAU KHI SINH ĐẺ BỊ PHÙ NỀ","QUẢ VẢI KHÔ","Sau khi đẻ tử cung chậm co lại","Lấy 10 quả vải khô, cho nước vào sắc uống.","","","","","",""
171,"CHỮA BỆNH SAU KHI SINH ĐẺ, TỬ CUNG PHỤC HỒI KÉM, SAU KHI SINH ĐẺ BỊ PHÙ NỀ","UỐNG BỘT NGŨ LINH CHI","Sau khi đẻ, tử cung phục hồi kém.","Cho ngũ linh chi vào nồi rang, đun nhỏ lửa vừa sao vừa cho giấm vào đảo đều, cho đến khi vị thuốc bốc lên, đem ra tán nhỏ. Mỗi lần uống 10g. Uống với rượu, mỗi ngày 3 lần. Thông thường điều trị sau 1 ngày thấy có chuyển biến, điều trị sau 2 ngày sẽ khỏi.","","","","","",""
171,"CHỮA BỆNH SAU KHI SINH ĐẺ, TỬ CUNG PHỤC HỒI KÉM, SAU KHI SINH ĐẺ BỊ PHÙ NỀ","TÁO TÀU, LONG NHÃN, MẬT ONG","Sau khi sinh đẻ, phù nề. (Bệnh trạng: Sản phụ sau khi sinh đẻ, tứ chi phù nề, mệt mỏi, mặt nhợt nhạt..)","Dùng 250g táo, 250g long nhãn, cho 1 ít nước vào sắc kỹ, cho vào 2 thìa nước gừng tươi, 250g mật ong, quấy đều, tiếp tục đun sôi. Để nguội cho vào lọ dùng dần. Ăn cho đến khi hết phù thì dừng lại.","","","","","",""
172,"TRỢ SẢN - CHỮA ĐAU BỤNG SAU KHI ĐẺ","BỘT HẢI MÃ","Trợ sản.","Hải mã sao vàng tán nhỏ, mỗi lần uống 5 - 15g. Uống với nước sôi, hoặc sắc lên uống.","","","","","",""
172,"TRỢ SẢN - CHỮA ĐAU BỤNG SAU KHI ĐẺ","UỐNG VIÊN ÓC THỎ","trợ sản","Lấy óc thỏ chế biến với các vị thuốc thành viên óc thỏ (óc thỏ, tuỷ sống thỏ luyện với mẫu đinh hương, nhũ hương và xạ hương thành viên óc thỏ).","Trợ sản, chữa đẻ khó","","","","",""
172,"TRỢ SẢN - CHỮA ĐAU BỤNG SAU KHI ĐẺ","UỐNG BỘT MAI CUA","Đau bụng sau khi sinh đẻ","Dùng 1 chiếc mai cua (sao toàn tính), tán thành bột, uống với rượu hâm nóng.","","","","","",""
172,"TRỢ SẢN - CHỮA ĐAU BỤNG SAU KHI ĐẺ","BỘT MAI CON NGAO","Đau bụng sau khi sinh đẻ","Dùng 6 mai con ngao sao toàn tính, tán nhỏ. Mỗi lần dùng 15g, uống với rượu hâm nóng.","","","","","",""
173,"CHỮA CÁC BỆNH KIẾT LỴ, ĐAU LƯNG, TỤ MÁU, BÍ ĐÁI, SAU KHI ĐẺ, BỆNH SỐT SẢN HẬU, PHONG SẢN HẬU, CO GIẬT, THAI CHẾT TRONG BỤNG, SÓT NHAU","SÁP ONG, CAO A GIAO, ĐƯƠNG QUY","Kiết lỵ sau khi sinh đẻ","Bong bóng cá (sao vàng) 15 - 20g, tán nhỏ, hoà vào 1 bát rượu, đun sôi kỹ, uống hết 1 lần.","","","","","",""
173,"CHỮA CÁC BỆNH KIẾT LỴ, ĐAU LƯNG, TỤ MÁU, BÍ ĐÁI, SAU KHI ĐẺ, BỆNH SỐT SẢN HẬU, PHONG SẢN HẬU, CO GIẬT, THAI CHẾT TRONG BỤNG, SÓT NHAU","CON ĐỈA, RƯỢU","Sau khi đẻ, tích tụ máu","Lấy 1 con đỉa (loại có đường viền vàng) sao khô, tán thành bột, uống với rượu hâm nóng.","","","","","",""
173,"CHỮA CÁC BỆNH KIẾT LỴ, ĐAU LƯNG, TỤ MÁU, BÍ ĐÁI, SAU KHI ĐẺ, BỆNH SỐT SẢN HẬU, PHONG SẢN HẬU, CO GIẬT, THAI CHẾT TRONG BỤNG, SÓT NHAU","CON CUA, RƯỢU","Sau khi đẻ, tích tụ máu.","Lấy 2 con cua, cho vào rượu, hấp chín, ăn nóng, điều trị cho đến khi huyết lưu thông thì ngừng.","","","","","",""
173,"CHỮA CÁC BỆNH KIẾT LỴ, ĐAU LƯNG, TỤ MÁU, BÍ ĐÁI, SAU KHI ĐẺ, BỆNH SỐT SẢN HẬU, PHONG SẢN HẬU, CO GIẬT, THAI CHẾT TRONG BỤNG, SÓT NHAU","UỐNG MẬT GẤU","Sốt sau khi đẻ","Mật gấu (hoặc mật bò) 0,3g, chia làm 3 lần, uống hết trong 1 ngày. Hoặc dùng tử thảo, tần giao, địa miên thảo, sắc lấy nước uống.","","","","","",""
173,"CHỮA CÁC BỆNH KIẾT LỴ, ĐAU LƯNG, TỤ MÁU, BÍ ĐÁI, SAU KHI ĐẺ, BỆNH SỐT SẢN HẬU, PHONG SẢN HẬU, CO GIẬT, THAI CHẾT TRONG BỤNG, SÓT NHAU","BỘT MẬT LỢN RỪNG HÒA VỚI RƯỢU","Sản hậu phong","Dùng 1 cái mật lợn rừng, mỗi lần uống 1.5g, hoà vào cốc rượu để uống.","","","","","",""
173,"CHỮA CÁC BỆNH KIẾT LỴ, ĐAU LƯNG, TỤ MÁU, BÍ ĐÁI, SAU KHI ĐẺ, BỆNH SỐT SẢN HẬU, PHONG SẢN HẬU, CO GIẬT, THAI CHẾT TRONG BỤNG, SÓT NHAU","CÁ TRẮNG","Sau khi sinh đẻ bị co giật","Dùng 1 con cá trắng, nhỏ, luộc chín ăn, ngày 2 lần","","","","","",""
173,"CHỮA CÁC BỆNH KIẾT LỴ, ĐAU LƯNG, TỤ MÁU, BÍ ĐÁI, SAU KHI ĐẺ, BỆNH SỐT SẢN HẬU, PHONG SẢN HẬU, CO GIẬT, THAI CHẾT TRONG BỤNG, SÓT NHAU","BỘT CUA","thai chết trong bụng, sót nhau.","Cua sao khô tán nhỏ, mỗi lần uống 10g.","","","","","",""
173,"CHỮA CÁC BỆNH KIẾT LỴ, ĐAU LƯNG, TỤ MÁU, BÍ ĐÁI, SAU KHI ĐẺ, BỆNH SỐT SẢN HẬU, PHONG SẢN HẬU, CO GIẬT, THAI CHẾT TRONG BỤNG, SÓT NHAU","BONG BÓNG CÁ, RƯỢU","Sau khi đẻ, đau lưng.","Bong bóng cá (đã nấu chín) 15 - 20g, nghiền nát, đổ vào một bát rượu, đun nóng, ăn.","","","","","",""
174,"THIẾU DỤC VỌNG NỮ TÍNH","MAI MỰC, KHIẾM THẢO","Dục tính của phụ nữ kém","Mai mực 250g, khiếm thảo, bào ngư mỗi thứ 120g, sao khô, tán thành bột, trộn với trứng chim sẻ, chế thành thuốc viên (viên to bằng hột ngô) mỗi lần uống 30 viên, mỗi ngày uống 3 lần. Điều trị đến khi nào dục tính vượng thì ngưng điều trị.","","","","","",""
174,"THIẾU DỤC VỌNG NỮ TÍNH","CAO THAI HƯƠU, ĐƯƠNG QUY, HOÀNG KỲ","Dục tính của phụ nữ giảm sút","Cao thai hươu hấp với đương quy, hoàng kỳ, mật ong để ăn.","","","","","",""
174,"THIẾU DỤC VỌNG NỮ TÍNH","TIẾT RÙA, RƯỢU NGỌT","Bệnh khô âm đạo của phụ nữ","Cho tiết rùa vào rượu ngọt, nấu sôi lên để uống. Phụ nữ mang thai không dùng bài thuốc này.","","","","","",""
175,"CHỮA BỆNH SỞI TRẺ EM","MẬT ONG, CAM THẢO, QUẢ ANH ĐÀO","Phòng bệnh sởi","Cam thảo 10g, ngâm vào nước sôi, sau đó cho nước vừa đủ, sắc trong 40 phút, vớt bỏ bã. Quả anh đào tươi 500g, rửa sạch, cho vào nước cam thảo và cho vào 200g mật ong. Đun nhỏ lửa cho đến khi cạn nước thì thôi. Để nguội ăn dần.","Tăng cường khí huyết, giải độc. Khi có dịch sởi, bạch hầu, để phòng bệnh, có thể thường xuyên ăn ít một.","","","","",""
175,"CHỮA BỆNH SỞI TRẺ EM","RAU THƠM (RAU MÙI)","Bệnh sởi mới ở thời kỳ đầu (bệnh trạng sốt, cơ thể sốt cao dần, ho chảy nước mắt dàn dụa, miệng má xuất hiện những nốt lấm tấm trên da, bựa lưỡi trắng, mạch phù).","Rau thơm tươi 30g, sắc uống thay nước chè, ngày uống nhiều lần. Rau thơm 200g, cho vào 300ml nước; 100ml rượu trắng đun sôi lâu, xông cho hơi nước bốc lên chân, tay, ngực, bụng, làm cho nóng người, ra mồ hôi.","Giải độc, tan nốt mẩn trên da, khỏi phong hàn","Bệnh sởi đã bay thì không được dùng. Những người bị loét dạ dày không điều trị bài thuốc này (Không uống).","","","",""
175,"CHỮA BỆNH SỞI TRẺ EM","RỄ LAN, RỄ CỎ TRANH","Bệnh sởi trẻ em thời kỳ mới phát sinh (bệnh trạng: nốt mẩn trên da mọc dày đặc ở toàn thân, sốt cao hầm hập, ho nhiều, lưỡi đỏ, bựa lưỡi vàng, mạch nhanh).","Rễ lan tươi, rễ cỏ tranh tươi mỗi thứ 500g, cho vào 2000ml nước, sắc kỹ nước uống, thay nước chè hàng ngày.","Giải nhiệt tim, phổi, dạ dày, mát máu giải độc, lặn nốt mẩn. Không phải kiêng kỵ, người âm hư, máu nóng cũng dùng được.","","","","",""
175,"CHỮA BỆNH SỞI TRẺ EM","MÃ THẦY, CỦ CẢI","Bệnh sởi trẻ em. Bệnh trạng: Người nóng rồi giảm dần, nốt mẩn lặn dần, ho khan, lưỡi đỏ, bựa lưỡi ít).","Mã thầy tươi 10 củ (bỏ vỏ), nước củ cải tươi 500 ml, pha vào một ít đường, đun sôi lên uống nóng.","Thanh nhiệt, bổ âm, cắt cơn ho, tiêu đờm, giải độc, tiêu viêm.","","","","",""
175,"CHỮA BỆNH SỞI TRẺ EM","RAU THƠM, MÃ THẦY","Bệnh sởi trẻ em.","Mỗi lần có thể dùng 15 - 20g rau thơm, 250 - 500g mã thầy, sắc lấy nước uống, thay nước chè, uống thường xuyên.","Giải độc","","","","",""
175,"CHỮA BỆNH SỞI TRẺ EM","RỄ CỎ TRANH, MÍA","Sau khi lên sởi vẫn còn sốt.","Mỗi lần có thể dùng 50 - 120g rễ cỏ tranh, 100 - 300g mía. Sắc lấy nước uống, uống thay nước chè.","Thanh nhiệt, giải độc","","","","",""
175,"CHỮA BỆNH SỞI TRẺ EM","TỬ THẢO NHUNG, NƯỚC ĐƯỜNG","Bệnh sởi ở trẻ em, phong sởi","Mỗi lần dùng 3 - 5g tử thảo nhung, cho vào 2 bát nước, sắc lấy 1 bát, quấy vào ít đường trắng, bỏ bã, uống nước.","Thanh nhiệt, mát máu, giải độc, lặn nốt mẩn","","","","",""
175,"CHỮA BỆNH SỞI TRẺ EM","BÍ NGÔ","Phòng bệnh sởi","Lấy 50g bí ngô, cho vào 1 bát nước, đun sôi kỹ còn nửa bát. Ăn cả nước lẫn cái.","Thanh nhiệt, phòng bệnh sởi.","","","","",""
175,"CHỮA BỆNH SỞI TRẺ EM","CÁ DIẾC, MẬT ONG","Giải độc khi sởi đã khỏi","Dùng 1 con cá diếc nấu chín. Ăn cái và nước. Buổi sáng sớm và buổi chiều ăn 1 ít mật ong.","Thanh nhiệt, giải độc","","","","",""
175,"CHỮA BỆNH SỞI TRẺ EM","MÃ THẦY, MÍA, CÀ RỐT","Thanh nhiệt sau khi sởi đã bay.","Dùng 250g mã thầy, 500g mía, 250g củ cà rốt, cho nước vừa đủ nấu chín, uống nước.","Thanh nhiệt, giải độc","","","","",""
175,"CHỮA BỆNH SỞI TRẺ EM","CHÁO ĐẦU VỊT","Bổ dưỡng cơ thể sau khi khỏi bệnh sởi.","Đầu, chân hoặc cánh vịt ướp sấy khô còn 100g cho nước gạo vừa đủ ninh nhừ để ăn.","Bổ dưỡng cơ thể, phục hồi sức khoẻ","","","","",""
176,"CHỮA BỆNH THUỶ ĐẬU TRẺ EM VÀ BỆNH HO GÀ","MÃ LAN, NGÂN HOA, CAM THẢO","Bệnh thuỷ đậu (Bệnh trạng: Mụn nước óng ánh xung quanh mụn đỏ ửng, ngứa ngáy, lần lượt vỡ, thường kèm theo sốt và ho).","Rễ mã lan 100g, ngân hoa 50g, cam thảo 15g, cho vào 600ml nước, sắc lấy 500ml bỏ bã thuốc, cho vào 1 ít đường phèn quấy đều. Mỗi lần uống 10 - 20ml. Ngày uống nhiều lần.","","Những người âm hư, nhiệt thấp không được dùng bài thuốc này.","","","",""
176,"CHỮA BỆNH THUỶ ĐẬU TRẺ EM VÀ BỆNH HO GÀ","MÃ THẦY, RƯỢU","Bệnh thuỷ đậu","Rượu ngọt 100g, mã thầy 10 củ gọt bỏ, thái miếng. Ninh nhừ, ăn cái, uống nước. Mỗi ngày 2 lần. Bài thuốc này chữa phong nhiệt, ngoại cảm, lên sởi, thuỷ đậu ở trẻ em rất công hiệu, không phải kiêng kỵ gì.","","","","","",""
176,"CHỮA BỆNH THUỶ ĐẬU TRẺ EM VÀ BỆNH HO GÀ","XUYÊN BỐI, HẠNH NHÂN","Trẻ em ho gà thời kỳ đầu (thời kỳ ngoại cảnh) (bệnh trạng: Ngạt mũi, chảy nước mũi, ho sặc sụa, có đờm, nhưng không nhiều, ban ngày ho ít, ban đêm ho nhiều, bựa lưỡi trắng mỏng).","Xuyên bối 6g, hạnh nhân 3g, sắc lấy nước, cho vào 1 ít rượu mật ong, quấy đều, mỗi ngày uống 1 - 2 lần.","Mát phổi, tiêu đờm, giảm ho. Có tác dụng chữa bệnh ho gà thời kỳ đầu","","","","",""
176,"CHỮA BỆNH THUỶ ĐẬU TRẺ EM VÀ BỆNH HO GÀ","BÁCH BỘ, MẬT ONG","trẻ em ho gà thời kỳ đầu (Bệnh trạng như trên)","Bách bộ 10g, Sắc lấy 20ml nước, cho vào 2 thìa mật ong đun sôi. Mỗi ngày uống 2 lần.","chữa ho gà","Không được uống kéo dài nhiều ngày.","","","",""
176,"CHỮA BỆNH THUỶ ĐẬU TRẺ EM VÀ BỆNH HO GÀ","MẬT GÀ","Bệnh ho gà trẻ em thời kỳ ho dữ dội, co giật (bệnh trạng: Ho liên tục, nước mắt nước mũi dàn dụa, mặt đỏ, ho xong có tiếng rít, mắt sưng húp. Khi nặng có lúc ho ra máu, chảy máu mũi, bựa lưỡi vàng).","Lấy nước mật gà tươi pha với mật ong để uống. Trẻ em 1 tuổi trở xuống, mỗi ngày uống 1/3 nước của 1 chiếc mật gà; từ 1- 3 tuổi uống 1/2 chiếc. Từ 3 - 5 tuổi uống 1 chiếc. Từ 5 - 10 tuổi uống 2 chiếc. Điều trị 5 - 7 ngày 1 vòng (liệu trình), mật lợn, mật dê cũng dùng được. Mật rắn dùng càng tốt.","","","","","",""
176,"CHỮA BỆNH THUỶ ĐẬU TRẺ EM VÀ BỆNH HO GÀ","TỎI","Bệnh ho gà trẻ em thời kỳ bệnh nặng (Bệnh trạng như trên)","Tỏi 100g bóc vỏ, giã nát, cho vào 50ml nước sôi, pha thêm 1 ít nước đường trắng. Mỗi lần uống 5- 10 ml. Mỗi ngày uống 2 - 5 lần. Tỏi có tác dụng ức chế rất mạnh đối với trực khuẩn ho gà.","","","","","",""
176,"CHỮA BỆNH THUỶ ĐẬU TRẺ EM VÀ BỆNH HO GÀ","TỔ ONG, ĐẬU PHỤ","Bệnh ho gà trẻ em thời kỳ bệnh nặng (Bệnh trạng như trên)","Lấy 10g tổ ong (có cả ấu trùng) cho vào 100ml nước, sắc trong 3 phút, vớt bỏ bã, lấy nước, cho 50g đậu phụ, 20g đường trắng vào nước thuốc, đun sôi trong 10 phút. Ăn đậu phụ, uống nước. Ngày 2 lần.","Kháng khuẩn, mát dạ, sinh huyết.","","","","",""
176,"CHỮA BỆNH THUỶ ĐẬU TRẺ EM VÀ BỆNH HO GÀ","MẬT LỢN, ĐẬU XANH","Bệnh ho gà trẻ em thời kỳ bệnh nặng (bệnh trạng như trên)","Lấy 500g mật lợn (chọn lợn khoẻ mạnh) cho vào nồi, đun nhỏ lửa, cô đặc lại và cho vào 50g bột đậu xanh, quấy đều, sao kỹ thành bột khô. Mỗi lần uống 0,5 - 1g. Ngày 3 lần.","Thanh nhiệt giải độc, tiêu đờm, cắt cơn ho. Bài thuốc này rất hiệu nghiệm với cả bệnh ho gà thời kỳ phát triển nặng.","","","","",""
176,"CHỮA BỆNH THUỶ ĐẬU TRẺ EM VÀ BỆNH HO GÀ","CAO GIUN ĐẤT","Bệnh ho gà trẻ em thời kỳ phát triển nặng (Bệnh trạng như trên).","Giun đất tươi 100 con, sắc kỹ, bỏ bã, cho vào 50g đường trắng, quấy đều cô đặc thành cao. Mỗi lần uống 5 - 10ml. Uống với nước sôi, mỗi ngày 2 lần.","Thanh nhiệt, cắt cơn ho, khỏi co giật thể bình thường.","Người mắc chứng phong hàn, ho, không được dùng bài thuốc này.","","","",""
176,"CHỮA BỆNH THUỶ ĐẬU TRẺ EM VÀ BỆNH HO GÀ","CỦ CẢI, MẠCH NHA","Bệnh ho gà trẻ em giai đoạn cuối (Bệnh trạng: cuối thời kỳ bệnh ho gà: ho giảm nhẹ còn mệt mỏi, nóng ra mồ hôi, miệng khát, lưỡi đỏ, khí hư...)","Dùng 500g củ cải trắng ép lấy nước, 100g đường mạch nha. Đun sôi, hoà tan. Mỗi lần uống 10ml. Ngày uống 3 lần","Cắt cơn ho, bổ tỳ, bổ hư.","","","","",""
176,"CHỮA BỆNH THUỶ ĐẬU TRẺ EM VÀ BỆNH HO GÀ","ĐƯỜNG PHÈN, TRỨNG VỊT","Bệnh ho gà trẻ em giai đoạn mới (Bệnh trạng như trên)","Dùng 50g đường phèn, cho nước vào hoà tan đường, đập vào 1 quả trứng vịt, quấy đều, đun nhỏ lửa, cô đặc thành cao. Mỗi ngày uống 1 lần.","Thanh nhiệt, cắt cơn ho, bổ dưỡng khí huyết.","","","","",""
176,"CHỮA BỆNH THUỶ ĐẬU TRẺ EM VÀ BỆNH HO GÀ","THÓC, BÍ ĐAO, RÂU NGÔ","Bệnh ho gà trẻ em (bệnh trạng: Ho kéo dài, ho đỏ mặt, gân cổ nổi lên, ho dữ dội, thổ ra đờm, sau đó ngừng ho, có tiếng khò khè ở cổ họng).","Lấy 50g thóc, 50g bí đao, 10g râu ngô, cho vào 2 bát nước, sắc lấy 1 bát hoà vào 1 bát đường phèn, uống hết 1 lần.","Thanh nhiệt, tiêu đờm, cắt cơn ho.","","","","",""
176,"CHỮA BỆNH THUỶ ĐẬU TRẺ EM VÀ BỆNH HO GÀ","TÁO TÀU, BIỂN BÁCH","bệnh ho gà trẻ em (bệnh trạng như trên)","Táo 10 quả, biển bách 25g, cho nước vào sắc lấy 1 bát để uống.","Thanh nhiệt, cắt cơn ho.","","","","",""
176,"CHỮA BỆNH THUỶ ĐẬU TRẺ EM VÀ BỆNH HO GÀ","TỎI, MẬT ONG","Bệnh ho gà trẻ em (Bệnh trạng như trên)","Lấy 1 củ tỏi, giã nát, ngâm vào 1 bát nước sôi. Khi nguội, đem đun sôi trong 1 tiếng, pha vào 1 ít mật ong, quấy đều, uống.","Thanh nhiệt, mát phổi, tiêu đờm, cắt cơn ho.","","","","",""
176,"CHỮA BỆNH THUỶ ĐẬU TRẺ EM VÀ BỆNH HO GÀ","CỦ CẢI, MẠCH NHA","Bệnh ho gà trẻ em (Bệnh trạng như trên)","Lấy củ cải 2 củ, 100g mạch nha, hấp chín ăn.","Thanh nhiệt, cắt cơn ho.","","","","",""
176,"CHỮA BỆNH THUỶ ĐẬU TRẺ EM VÀ BỆNH HO GÀ","HẠNH ĐÀO, MẬT ONG","Bệnh ho gà kéo dài, đờm trắng, đái xón, thở gấp, mắt sưng.","Lấy 100g hạnh đào, sao vàng trộn với mật ong, ăn hết 1 lần.","Cắt cơn ho, tiêu đờm.","","","","",""
176,"CHỮA BỆNH THUỶ ĐẬU TRẺ EM VÀ BỆNH HO GÀ","RUỘT LỢN, HÀNH","Bệnh ho gà kéo dài (bệnh trạng như trên)","lấy 1 đoạn ruột non lợn, 50g hành củ (sao cho bốc hơi thơm) cho vào 1 bát nước gạo, đun sôi trong 1 tiếng đồng hồ, pha vào 1 ít rượu, chia làm nhiều lần, ăn hết trong 1 ngày.","Tiêu đờm, cắt cơn ho.","","","","",""
176,"CHỮA BỆNH THUỶ ĐẬU TRẺ EM VÀ BỆNH HO GÀ","QUẢ LA HÁN, MỨT QUẢ HỒNG","Bệnh ho gà","Lấy 1 quả la hán, 15g mứt quả hồng cho nước vừa đủ, sắc kỹ lấy nước uống. Điều trị liên tục 5 - 7 lần sẽ có hiệu quả.","Mát phổi, tiêu đờm, hạ hoả, cắt cơn ho","","","","",""
176,"CHỮA BỆNH THUỶ ĐẬU TRẺ EM VÀ BỆNH HO GÀ","CHIM SẺ, ĐƯỜNG PHÈN","Bệnh ho gà trẻ em","Mỗi lần dùng 2 con chim sẻ, làm sạch lông, bỏ ruột, đường phèn 15 - 20g. Hấp cách thuỷ, mỗi ngày ăn 1 lần. Điều trị liên tục vài lần sẽ khỏi. Dùng mỗi lần 4 con chim sẻ, một ít gạo tẻ, nấu cháo để ăn. Mỗi ngày ăn 1 lần. Điều trị liên tục 3 - 5 ngày.","Tăng cường khí huyết, mát phổi, điều hoà dạ dày, cắt cơn ho.","","","","",""
176,"CHỮA BỆNH THUỶ ĐẬU TRẺ EM VÀ BỆNH HO GÀ","MẬT GÀ, ĐƯỜNG PHÈN","Bệnh ho gà","Dùng 1 chiếc mật gà, pha vào 1 ít đường phèn. Uống vài lần sẽ có hiệu quả.","","","","","",""
176,"CHỮA BỆNH THUỶ ĐẬU TRẺ EM VÀ BỆNH HO GÀ","CÀ RỐT, TÁO TÀU","Bệnh ho gà","Dùng 150g cà rốt, 15 quả táo tàu, cho vào 2 bát nước, sắc lấy 1 bát. Ngày uống 3 lần. Điều trị liên tục 3 - 5 ngày.","Bổ tỳ, sinh huyết, giải độc, mát phổi, cắt cơn ho.","","","","",""
176,"CHỮA BỆNH THUỶ ĐẬU TRẺ EM VÀ BỆNH HO GÀ","CÚC VẠN THỌ, ĐƯỜNG ĐỎ","Bệnh ho gà trẻ em","Mỗi lần dùng 15g cúc vạn thọ, cho vào 2 bát nước, sắc lấy 1 bát, cho vào 1 ít đường đỏ quấy đều, uống hết 1 lần.","Thanh nhiệt, tiêu đờm, cắt cơn ho.","","","","",""
176,"CHỮA BỆNH THUỶ ĐẬU TRẺ EM VÀ BỆNH HO GÀ","KIM QUẤT, NƯỚC ĐƯỜNG","Bệnh ho gà trẻ em","Dùng những quả kim quất chín, tươi cho vào bình trộn với muối để dùng dần (muối được trên 1/2 năm thì càng tốt). Mỗi lần dùng 1 - 4 quả kim quất muối (trẻ em thì dùng ít hơn). Rửa sạch muối, cho vào bát, dầm nát, cho vào 1 ít đường, quấy trong nước sôi, bỏ bã, uống nước. (Ăn cả bã cũng được).","Điều hoà khí huyết, tiêu đờm, cắt cơn ho.","","","","",""
176,"CHỮA BỆNH THUỶ ĐẬU TRẺ EM VÀ BỆNH HO GÀ","XUYÊN BỐI, ĐƯỜNG PHÈN","Bệnh ho gà trẻ em","Mỗi lần dùng 9g xuyên bối mẫu, 15g đường phèn cho vào 150-200g nước cơm, một ít đường phèn, hấp cách thủy chín nhừ thành cháo. Ngày uống 2 lần vào: sáng, chiều. Trẻ em 5 tuổi trở xuống giảm một nửa.","mát phổi, tiêu đờm, cắt cơn ho.","","","","",""
176,"CHỮA BỆNH THUỶ ĐẬU TRẺ EM VÀ BỆNH HO GÀ","CỦ NIỄNG","Bệnh ho gà trẻ em","Mỗi lần dùng 4 - 5 củ niễng tươi, bóc vỏ, giã nát, cho vào 1/2 bát nước cơm, 1 ít đường. Hấp cách thuỷ, chín nhừ thành cháo. Mỗi ngày ăn 1 lần. Ăn liên tục nhiều ngày.","Tiêu đờm, cắt cơn ho","","","","",""
176,"CHỮA BỆNH THUỶ ĐẬU TRẺ EM VÀ BỆNH HO GÀ","QUẢ LA HÁN, PHỔI LỢN","Bệnh ho gà trẻ em","Mỗi lần dùng từ 1 nửa đến 1 quả la hán, 250g phổi lợn, thái nhỏ, rửa sạch, bóp hết bọt, trộn với quả la hán. Ninh nhừ, cho thêm gia vị, ăn hết 1 lần.","Thanh nhiệt, tiêu đờm, mát phổi, cắt cơn ho.","","","","",""
176,"CHỮA BỆNH THUỶ ĐẬU TRẺ EM VÀ BỆNH HO GÀ","GỪNG TƯƠI, QUẢ HỒNG KHÔ","Bệnh ho gà trẻ em","Mỗi lần dùng 3 - 6g gừng tươi, gọt vỏ, rửa sạch 1 quả hồng khô. Bổ đôi quả hồng kẹp những lát gừng vào trong quả hồng sấy chín, bỏ gừng, ăn quả hồng, hoặc ăn cả gừng lẫn hồng cũng được.","Tiêu đờm, cắt cơn ho.","","","","",""
176,"CHỮA BỆNH THUỶ ĐẬU TRẺ EM VÀ BỆNH HO GÀ","MẬT GÀ, MẬT ONG","Bệnh ho gà","dùng 1 cái mật gà, lấy nước mật trộn với mật ong, quấy đều để uống. trẻ em dưới 1 tuần tuổi chia làm 3 uống hết trong 1 ngày. trẻ em 1 - 2 tuổi chia 2 uống hết trong ngày. điều trị liên tục vài ngày sẽ khỏi.","","","","","",""
176,"CHỮA BỆNH THUỶ ĐẬU TRẺ EM VÀ BỆNH HO GÀ","NHAU THAI NHI","Bệnh ho gà","Cuống nhau thai nhi nấu lên ăn rất công hiệu.","","","","","",""
176,"CHỮA BỆNH THUỶ ĐẬU TRẺ EM VÀ BỆNH HO GÀ","ĐƯỜNG PHÈN, TRỨNG VỊT","Bệnh ho gà","Mỗi lần dùng 50g đường phèn cho vào nước đun sôi hoà tan, để nguội đập 2 quả trứng vịt vào, quấy đều. Hấp chín ăn. Mỗi ngày ăn 1 lần.","Thanh nhiệt, cắt cơn ho.","","","","",""
176,"CHỮA BỆNH THUỶ ĐẬU TRẺ EM VÀ BỆNH HO GÀ","RUỘT NON LỢN, RƯỢU","Bệnh ho gà trẻ em","Dùng 100g ruột non lợn, thái nhỏ, trộn với nước vo gạo, 1 ít rượu. Đun nhỏ lửa, ninh nhừ, cho vào 1 ít muối, mì chính. Ăn vào 2 bữa cơm.","Thanh nhiệt, cắt cơn ho.","","","","",""
176,"CHỮA BỆNH THUỶ ĐẬU TRẺ EM VÀ BỆNH HO GÀ","CHIM SẺ","Bệnh ho gà","Dùng 1 con chim sẻ, làm sạch lông, bỏ ruột, ninh nhừ, ăn. Mỗi ngày ăn 1 con, ăn vài ngày.","Bổ khí huyết, cắt cơn ho","","","","",""
177,"CHỮA BỆNH QUAI BỊ","RỄ MÃ LAN, HẠ KHÔ THẢO","Bệnh quai bị (Bệnh trạng: Tuyến nước bọt sưng đau, người bị bệnh nặng có thể sốt cao)","Dùng 30g rễ mã lan, 20g hạ khô thảo, cho nước vừa đủ, sắc kỹ, hoà vào 1 ít đường trắng, uống mỗi lần 10 - 20ml. Ngày uống 3 lần.","Thanh nhiệt, giải độc, mát máu.","","","","",""
177,"CHỮA BỆNH QUAI BỊ","CHÁO NGƯU BÀNG","Bệnh quai bị (Bệnh trạng như trên)","Rễ ngưu bàng 30g (Hoặc 20g ngưu bàng, giã nát) sắc lấy 100ml nước, bỏ bã. Lấy 100g gạo để nấu thành cháo, cho nước ngưu bàng vào quấy đều, trộn vào 1 ít đường trắng. Ăn nóng, mỗi ngày ăn 2 lần.","Trị phong, tán nhiệt, giải độc, tiêu sưng, chữa quai bị rất hiệu nghiệm.","Trẻ em khí hư, ỉa chảy phải thận trọng khi dùng bài thuốc này.","","","",""
177,"CHỮA BỆNH QUAI BỊ","SÒ BIỂN, ĐẬU PHỤ, GỪNG","Bệnh quai bị, hai bên quai hàm sưng đỏ, đau, nóng.","Dùng 100g sò, 3 tấm đậu phụ, 3 quả trám muối, 2 lát gừng tươi, sắc lấy muối uống.","Thanh nhiệt, giải độc, tiêu sưng phù.","","","","",""
177,"CHỮA BỆNH QUAI BỊ","ĐẬU XANH, ĐẬU TƯƠNG","bệnh quai bị, 2 bên quai hàm sưng đỏ, nóng, đau","Dùng 200g đậu xanh, 100g đậu tương, 150g đường đỏ. Ninh đậu chín nhừ, cho đường đỏ vào quấy đều, ăn hết 1 lần.","Thanh nhiệt, giải độc, mát máu, tiêu sưng","","","","",""
177,"CHỮA BỆNH QUAI BỊ","RAU CÂU KỶ, CÁ DIẾC, TRẦN BÌ, GỪNG","Bệnh quai bị, hai bên quai hàm sưng đỏ, nóng đau.","Dùng 500g rau câu kỷ (còn cả thân, cành, lá, búp) 1 con cá diếc, 5g trần bì, 2 lát gừng tươi, sắc lấy nước uống.","Thanh nhiệt, giải độc, mát máu.","","","","",""
178,"CHỮA TRẺ NHỎ BÚ KHÓ","RAU CẢI CÚC, MẬT ONG","Trẻ nhỏ bú khó (trẻ nhỏ họng sưng không bú được).","Rau cải cúc cho vào nước sắc lấy 1/2 cốc nước, quấy mật ong vào để uống.","Giải độc, tiêu sưng.","","","","",""
178,"CHỮA TRẺ NHỎ BÚ KHÓ","TRỨNG GÀ, MỘC NHĨ","Trẻ em khó bú","Dùng 15g mộc nhĩ, 1 quả trứng gà. Mộc nhĩ sao khô, tán thành bột, đập trứng vào quấy đều, chia làm 4 phần, ăn hết trong ngày.","Giải độc, tiêu sưng","","","","",""
179,"CHỮA BỆNH CAM TÍCH TRẺ EM","BỘT MÀNG MỀ GÀ","Bệnh cam tích thời kỳ đầu (Bệnh trạng, ăn uống giảm sút, tiêu hóa không tốt, bụng trướng, buồn nôn, ỉa chảy, phân sống, khóc vật vã, bựa lưỡi trắng).","Màng mề gà sao khô tán thành bột. Mỗi lần uống 2 - 3g (uống với nước sôi)","tiêu cam tích, bổ tỳ, khỏi ỉa chảy. Bài thuốc này chữa bệnh cam trẻ em bệnh đái xón rất công hiệu.","Có thể chữa phối hợp với các thứ thuốc khác, không phải kiêng kỵ gì.","","","",""
179,"CHỮA BỆNH CAM TÍCH TRẺ EM","BỘT TIÊU HÓA","Bệnh cam tích thời kỳ đầu (Bệnh trạng như trên)","Mầm lúa, sơn tra, hạt cau, chỉ xác cho vào sao vàng, tán nhỏ. Mỗi lần uống 1 - 2 g. Mỗi ngày uống 3 lần.","Bổ tỳ, khai vị giúp tiêu hoá tốt.","","","","",""
179,"CHỮA BỆNH CAM TÍCH TRẺ EM","CHÁO CÂY SƠN DƯỢC, ĐẬU BIỂN","Bệnh cam (Bệnh trạng: Biếng ăn, da xanh xao, nhợt nhạt, thân thể gầy còm, tinh thần mệt mỏi, tóc khô, lòng bàn tay bàn chân nóng, tính tình khó chịu, có lúc ỉa lỏng, phù nề, viêm lưỡi, bựa lưỡi ít, mạch yếu).","Dùng 30g sơn dược tươi gọt bỏ vỏ, thái lát, 15g đậu bạch biến, 30g gạo tẻ. Trước hết nấu gạo đậu, rồi cho sơn dược vào nấu cháo. Cho vào 1 ít đường trắng, quấy đều, ăn nóng. Mỗi ngày ăn 2- 3 lần.","Bổ tỳ, tiêu hoá tốt, khỏi ỉa chảy","","","","",""
179,"CHỮA BỆNH CAM TÍCH TRẺ EM","PHỤC LINH, GAN GÀ","Bệnh cam (Bệnh trạng như trên)","Dùng 30g gan gà (hoặc gan lợn) 10g phục linh, ninh nhừ. Ăn gan, uống nước. Ăn liên tục 10 ngày.","Bổ tỳ, sinh huyết, bổ gan thận, bổ máu, an thần. Trẻ em cam tích, cơ thể suy nhược, dùng bài thuốc này rất tốt.","","","","",""
179,"CHỮA BỆNH CAM TÍCH TRẺ EM","MÀNG MỀ GÀ, LƯƠN","Bệnh cam (bệnh trạng như trên)","Dùng 1 con lươn vàng (bỏ mật) khoảng 250g. Màng mề gà: 10g. Cho nước vừa đủ, ninh nhừ, ăn (không phải kiêng kỵ gì).","","","","","",""
179,"CHỮA BỆNH CAM TÍCH TRẺ EM","CHÁO ĐẠI MẠCH","Bệnh cam (Bệnh trạng như trên).","Dùng 50g đại mạch, ngâm, nghiền nát, nấu thành cháo, cho vào 1 ít đường đỏ, mỗi ngày ăn 2 lần. Bài thuốc này rất thích hợp chữa chứng cam trẻ em tỳ vị hư nhược, da vàng, gầy còm, mệt mỏi.","","","","","",""
179,"CHỮA BỆNH CAM TÍCH TRẺ EM","CHÁO GẠO TẺ, ẾCH","Trẻ em bụng to, nổi gân xanh, cơ thể suy nhược, ăn không tiêu, thích ăn gạo sống và thức ăn lạ, da khô, tóc khô.","Dùng 1 con ếch (bỏ ruột, đầu) cho gạo, nước vào nấu cháo, ăn nóng.","Bổ tỳ, trừ tả, tiêu cam tích","","","","",""
179,"CHỮA BỆNH CAM TÍCH TRẺ EM","SÁP ONG, TRỨNG GÀ","Trẻ em tiêu hóa kém","Dùng 1 miếng sáp ong bằng hạt đậu tằm to, 1 quả trứng gà. Đun nóng hoà tan sáp ong, rồi đập trứng gà vào quấy đều, nấu chín ăn. Ngày ăn 2 lần vào 2 buổi: sáng chiều.","Bổ tỳ, tiêu hoá tốt","","","","",""
179,"CHỮA BỆNH CAM TÍCH TRẺ EM","QUẢ CẬT VỊT NẤU CỦ CẢI","Trẻ em bụng to nổi gân xanh, cơ thể suy nhược, ăn không tiêu, thích ăn gạo sống, thức ăn lạ, da khô, tóc khô.","Dùng 25g quả cật vịt, 500g củ cải, nấu chín ăn.","Bổ tỳ, khai vị, giúp tiêu hoá tốt, khỏi ỉa chảy.","","","","",""
179,"CHỮA BỆNH CAM TÍCH TRẺ EM","SỬ QUÂN TỬ, THỊT LỢN NẠC","bệnh cam tích trẻ em (thiếu dinh dưỡng), bệnh giun đũa","Dùng 6 - 10 quả sử quân tử, bỏ vỏ, cho vào 100g thịt lợn nạc, băm nát, trộn đều. Hấp cách thủy hoặc hấp trên mặt nồi cơm. Ăn vào 2 bữa cơm.","Không nên điều trị trong thời gian dài hoặc quá liều. Nếu, sau khi ăn sử quân tử thấy nhức đầu, nôn, nấc, táo bón.... thì lấy vỏ sử quân tử sắc lấy nước uống thay nước chè sẽ khỏi. Sau khi điều trị bằng sử quân tử rồi thì không dùng thuốc trị tả khác nữa.","Bổ tỳ vị, khỏi cam tích, giun","","","",""
179,"CHỮA BỆNH CAM TÍCH TRẺ EM","ĐỘC CƯỚC KIM HẦM THỊT KHỈ","Trẻ em tỳ hư, cam nhiệt, hay quấy khóc đêm ngủ không yên giấc, biếng ăn, hoặc hay hạ nhiệt, ỉa chảy, gầy còm....","Mỗi lần dùng 15g độc cước kim (cam tích thảo) khoảng 150g thịt khỉ tươi, thái miếng, hấp cách thủy, chín nhừ, ăn nóng. Cách 4 - 5 ngày ăn 1 lần. Điều trị 3 - 5 lần sẽ có hiệu quả.","Tăng cường khí huyết, khỏi cam tích","","","","",""
179,"CHỮA BỆNH CAM TÍCH TRẺ EM","CHÁO CHIM CÚT","Trẻ em mắc các chứng cam tích, bụng ỏng, biếng ăn","Mỗi lần dùng 1 con chim cút, làm sạch lông bỏ ruột, chặt nhỏ, cho gạo vào nấu thành cháo.","Tăng cường khí huyết, khỏi cam tích","","","","",""
179,"CHỮA BỆNH CAM TÍCH TRẺ EM","ĐẬU ĐEN, GAN CHUỘT","Bệnh cam tích trẻ em","Mỗi lần dùng 1 cái gan chuột, 30 - 60g đậu đen, 3g trần bì, đun nhỏ lửa, ninh nhừ ăn.","Bổ âm, dưỡng huyết, trừ hư nhiệt.","","","","",""
179,"CHỮA BỆNH CAM TÍCH TRẺ EM","THỊT ẾCH HẤP CƠM","Trẻ em cam tích, vàng da, gầy còm, ghẻ lở khắp nơi, lâu ngày không khỏi.","Mỗi lần dùng vài con ếch (tuỳ theo to, nhỏ mà định lượng), lột da, bỏ ruột, chặt nhỏ, trộn với dầu lạc, muối ăn. Gạo tẻ vừa đủ thổi cơm. Khi cơm sôi gần cạn nước, cho thịt ếch hấp trên mặt cơm, đến khi chín nhừ, ăn lẫn với cơm.","Bổ âm hư, trừ hư nhiệt","","","","",""
179,"CHỮA BỆNH CAM TÍCH TRẺ EM","THẠCH TIÊN ĐÀO, DẠ DÀY LỢN HẤP CÁCH THỦY","Bệnh cam tích trẻ em","Mỗi lần dùng 60 - 90g thạch tiên đào (đào khô thì dùng 30g) 1 chiếc dạ dày lợn, rửa sạch dạ dày lợn, cho thạch tiên đào vào, hấp cách thủy cho đến khi chín nhừ, cho thêm gia vị, chia 2 lần, ăn hết trong ngày.","Bổ âm, khoẻ dạ dày, trừ cam tích.","","","","",""
179,"CHỮA BỆNH CAM TÍCH TRẺ EM","TRÂN CHÂU THẢO, GAN LỢN","Trẻ em cam tích","Mỗi lần dùng 60g trân châu thảo tươi (loại khô thì 30g); 60g - 100g gan lợn. Ninh nhừ, ăn gan, uống nước. Mỗi ngày ăn 1 lần ăn liên tục 5 - 6 ngày.","Ổn định gan, thanh nhiệt, trị cam tích","","","","",""
179,"CHỮA BỆNH CAM TÍCH TRẺ EM","CON SÒ, GAN GÀ HẤP CÁCH THỦY","Bệnh cam tích trẻ em.","Dùng con sò sấy khô, tán thành bột, mỗi lần dùng 6 - 9g, trộn với 1-2 chiếc gan gà. Hấp cách thủy đến khi chín kỹ là ăn được.","Tiêu viêm, tiêu tích, bổ gan, dưỡng huyết","","","","",""
179,"CHỮA BỆNH CAM TÍCH TRẺ EM","CÂU KỶ TỬ, CHUỐI TIÊU, TIM LỢN","Trẻ em cam tích, da vàng, gầy còm,","Mỗi lần dùng 30g câu kỷ tử, 500g mía (róc vỏ, cắt ngắn) 150g tim lợn, 100g gan lợn, rửa sạch, thái miếng, cho nước vừa đủ, nấu chín kỹ ăn.","Bổ trung, ích khí, bổ máu, tiêu cam tích.","","","","",""
179,"CHỮA BỆNH CAM TÍCH TRẺ EM","CAM TÍCH THẢO, GAN LỢN","Trẻ em cam tích","Mỗi lần dùng 15g cam tích thảo, 100g gan lợn, thái miếng, cho vào 3 bát nước, sắc lấy 1 bát, cho vào 1 ít muối ăn. Ăn gan, uống nước.","Bổ tỳ, trừ tích, giúp tiêu hoá tốt.","","","","",""
179,"CHỮA BỆNH CAM TÍCH TRẺ EM","THẢO QUYẾT MINH, GAN GÀ","Trẻ em cam tích","Mỗi lần dùng 10 - 12 g thảo quyết minh, ngâm nước từ 4 - 6 tiếng, lấy 2 - 3 gan gà trộn lẫn, cho thêm dầu ăn, muối ăn. Hấp chín ăn.","bổ gan, bổ máu, tiêu cam tích.","","","","",""
179,"CHỮA BỆNH CAM TÍCH TRẺ EM","CON GIÁN, MỠ LỢN","Trẻ em cam tích","Mỗi lần bắt 5 - 6 con gián còn sống, cho vào nước sôi, rửa sạch, cắt bỏ đầu, chân, cánh. Dùng bột mì nhào thành bánh, đặt con gián đã làm sạch lên trên bánh, dùng mỡ rán chín, chấm với đường trắng ăn. Một liệu trình phải dùng từ 100 - 120 con gián","Thông mạch máu, tiêu cam tích","","","","",""
179,"CHỮA BỆNH CAM TÍCH TRẺ EM","CAM TÍCH THẢO, THỊT LỢN NẠC","Trẻ em cam tích","Mỗi lần dùng 15g thảo cam tích, 100g thịt lợn nạc, cho vào 3 bát nước, nấu lấy 1 bát, cho muối và gia vị. Ăn thịt, uống nước.","Mát gan, tiêu cam tích, bổ tỳ vị, giúp tiêu hoá","","","","",""
180,"CHỮA BỆNH TIÊU HOÁ KÉM, KHÓC ĐÊM, KHÔNG BÚ, NÔN TRỚ SỮA, MỒ HÔI TRỘM Ở TRẺ EM","SỨA BIỂN, MÃ THẦY","Trẻ em tiêu hóa kém","Sứa biển và mã thầy đem xào chín, bỏ sứa biển, chỉ ăn mã thầy.","","","","","",""
180,"CHỮA BỆNH TIÊU HOÁ KÉM, KHÓC ĐÊM, KHÔNG BÚ, NÔN TRỚ SỮA, MỒ HÔI TRỘM Ở TRẺ EM","CÁ CHIM, HÀNH, GỪNG","Trẻ em tiêu hóa kém","Xào chín cá chim với gừng, hành để ăn.","","","","","",""
180,"CHỮA BỆNH TIÊU HOÁ KÉM, KHÓC ĐÊM, KHÔNG BÚ, NÔN TRỚ SỮA, MỒ HÔI TRỘM Ở TRẺ EM","XÁC VE, BẠC HÀ","Trẻ em khóc đêm","Dùng 3 xác ve bỏ đầu, chân, cho vào 10 liều bạc hà, 1 ít nước, sắc lấy nước uống. Thường điều trị 1 tháng là khỏi.","An thần, khỏi khóc đêm.","","","","",""
180,"CHỮA BỆNH TIÊU HOÁ KÉM, KHÓC ĐÊM, KHÔNG BÚ, NÔN TRỚ SỮA, MỒ HÔI TRỘM Ở TRẺ EM","XÁC VE, THÔNG THẢO (RUỘT BẤC TRONG THÂN CÂY)","Trẻ em khóc đêm","Dùng 7 xác ve bỏ đầu, chân, 2,5g thông thảo sắc lấy nước uống, ngày 2 lần; Sáng chiều.","","","","","",""
180,"CHỮA BỆNH TIÊU HOÁ KÉM, KHÓC ĐÊM, KHÔNG BÚ, NÔN TRỚ SỮA, MỒ HÔI TRỘM Ở TRẺ EM","MẬT ONG, HẠNH ĐÀO","Trẻ em không bú, trớ ra sữa","Dùng 1,5g mật ong, 1 lát quả đào, nghiền nát, trộn lẫn với mật, gói vào trong túi vải trắng, cho vào mồm trẻ em làm vú để bú.","","","","","",""
180,"CHỮA BỆNH TIÊU HOÁ KÉM, KHÓC ĐÊM, KHÔNG BÚ, NÔN TRỚ SỮA, MỒ HÔI TRỘM Ở TRẺ EM","CHÁO GẠO, SỮA","Trẻ em không bú, trớ ra sữa","Lấy 1 cái vỏ trứng gà, cho vào trong vỏ trứng 15 hạt gạo, 1 ít nước sôi, 1 thìa nhỏ sữa. Đặt vỏ trứng lên ngọn lửa nhỏ, nấu thành cháo sữa cho trẻ ăn.","","","","","",""
180,"CHỮA BỆNH TIÊU HOÁ KÉM, KHÓC ĐÊM, KHÔNG BÚ, NÔN TRỚ SỮA, MỒ HÔI TRỘM Ở TRẺ EM","CANH CÁ CHUỐI","Trẻ em mồ hôi trộm","Lấy 150g - 200g cá chuối, dùng nước sôi rửa sạch nhớt cá, lọc lấy thịt, dùng dầu rán vàng thơm, đổ vào 1 bát rưỡi nước. Ninh nhừ, lấy nửa bát nước cho vào 1 ít muối. Ăn cả cái lẫn nước ăn hết 1 lần trong ngày. Ăn liên tục 3 ngày","Tăng cường khí huyết, khỏi ra mồ hôi trộm","","","","",""
180,"CHỮA BỆNH TIÊU HOÁ KÉM, KHÓC ĐÊM, KHÔNG BÚ, NÔN TRỚ SỮA, MỒ HÔI TRỘM Ở TRẺ EM","TIỂU MẠCH, DẠ DÀY DÊ","Trẻ em ra mồ hôi trộm","Dùng 50 - 100g tiểu mạch, 250 - 350g dạ dày dê (rửa sạch, thái miếng) cho nước vừa đủ ninh nhừ, lọc bỏ tiểu mạch cho vào 1 ít gia vị ăn dạ dày, uống nước. Cách 1 ngày điều trị 1 lần. Điều trị liên tục 3 - 4 lần sẽ khỏi.","Tăng cường khí huyết. Khỏi ra mồ hôi trộm","","","","",""
180,"CHỮA BỆNH TIÊU HOÁ KÉM, KHÓC ĐÊM, KHÔNG BÚ, NÔN TRỚ SỮA, MỒ HÔI TRỘM Ở TRẺ EM","CHÁO GẠO RANG","Trẻ em nôn ra sữa","Lấy 1 ít gạo, rang thơm, cho nước vừa đủ, nấu thành cháo cho trẻ ăn.","","","","","",""
180,"CHỮA BỆNH TIÊU HOÁ KÉM, KHÓC ĐÊM, KHÔNG BÚ, NÔN TRỚ SỮA, MỒ HÔI TRỘM Ở TRẺ EM","VỊT PHƯỢNG HOÀNG, HỒ TIÊU","Trẻ em ra mồ hôi trộm","Dùng 1 con vịt phượng hoàng, làm sạch lông, chặt nhỏ, 3 hạt tiêu (tán nhỏ). Ninh nhừ ăn.","","","","","",""
181,"CHỮA BỆNH TRẺ EM SỐT CAO, SỐT VỀ MÙA HÈ","BỌ NGỰA","Trẻ em sốt cao","Lấy 1 con bọ ngựa bỏ đầu, cánh sắc với nước sôi uống.","","","","","",""
181,"CHỮA BỆNH TRẺ EM SỐT CAO, SỐT VỀ MÙA HÈ","NGƯU HOÀNG, CHU SA","Trẻ em sốt cao.","Dùng 3g ngưu hoàng, 25g chu sa, tán thành bột để uống. Mỗi lần uống 1 g. Ngày 2 lần.","","","","","",""
181,"CHỮA BỆNH TRẺ EM SỐT CAO, SỐT VỀ MÙA HÈ","CANH RAU MUỐNG, MÃ THẦY","Về mùa hè, trẻ em sốt cao, miệng khát, uống nhiều nước, đái nhiều.","Dùng 100g - 250g rau muống, 250g mã thầy sắc lấy nước uống. Một ngày uống 2 lần. Điều trị liên tục 3 ngày.","thanh nhiệt, mát máu.","","","","",""
181,"CHỮA BỆNH TRẺ EM SỐT CAO, SỐT VỀ MÙA HÈ","ĐỘC CƯỚC KIM, THỊT LỢN NẠC","Trẻ em sốt vào mùa hè","Mỗi lần dùng 15g độc cước kim, 100g thịt lợn nạc, cho vào 3 bát nước, sắc lấy 1 bát, cho 1 ít muối ăn thịt, uống nước.","Mát máu, thanh nhiệt.","","","","",""
181,"CHỮA BỆNH TRẺ EM SỐT CAO, SỐT VỀ MÙA HÈ","RAU MUỐNG, MÃ THẦY","Trẻ em sốt về mùa hè, miệng khát, uống nhiều nước, đái nhiều, nước đái vàng, không ra mồ hôi.","Rau muống 200g, mã thầy 7 củ (thái nhỏ) sắc lấy nước uống thay nước chè. Ngày uống 3 - 4 lần. Điều trị liên tục 5 - 7 ngày.","","","","","",""
182,"CHỮA BỆNH ỈA CHẢY Ở TRẺ EM","SƠN TRA, THẦN KHÚC","Trẻ em ỉa chảy do cam tích (bệnh trạng: ỉa phân lỏng, ỉa nhiều lần. Mỗi ngày 3 - 5 lần, phân vàng xanh, hoặc chỉ có nước, trong nước phân có lẫn thức ăn không tiêu, mùi hôi, chua, bụng ỏng, biếng ăn, bựa lưỡi nhầy).","Sơn tra, mầm lúa, mầm mạch, màng mề gà, thần khúc, mỗi loại 30g, cắt bì 15g. Tất cả sao vàng, tán nhỏ, mỗi lần uống 6 - 8g. Uống với nước cơm. Mỗi ngày 3 lần.","Trừ cam tích, bổ dạ dày, giúp tiêu hoá","Những người tỳ hư không được dùng bài thuốc","","","",""
182,"CHỮA BỆNH ỈA CHẢY Ở TRẺ EM","BỘT TIÊU HÓA","Trẻ em ỉa chảy (bệnh trạng như trên)","Sơn tra 30g, Thương truật 10g, mộc hương 5g tán thành bột, Mỗi lần uống 6 - 10g. Uống với nước cơm hoặc nước sơn dược. Ngày 3 lần.","Tiêu tích, thông trệ, trừ thấp bổ tỳ.","","","","",""
182,"CHỮA BỆNH ỈA CHẢY Ở TRẺ EM","CHÁO SƠN DƯỢC, ĐẬU BIỂN","Trẻ em ỉa chảy do thấp nhiệt (bệnh trạng: bụng ỏng, sôi bụng, ỉa nhiều lần, ngày hơn 10 lần, phân như nước trứng, mùi khắm, miệng khát, sốt nhẹ, lưỡi đỏ, bựa lưỡi vàng, đái ít, nước đái đỏ).","Sơn dược tươi 30 g gọt vỏ, thái miếng, đậu bạch biến 15 g, gạo tẻ 30g. Trước hết đem ninh nhừ gạo, đậu, sau đó cho sơn dược vào nấu thành cháo, quấy đều cho vào 1 ít đường trắng. Ngày ăn 2-3 lần.","Chữa khỏi chứng cam tích, ỉa chảy do thấp nhiệt","","","","",""
182,"CHỮA BỆNH ỈA CHẢY Ở TRẺ EM","CHÁO PHỤC LINH, TÁO TÀU","Trẻ em ỉa chảy do tỳ hư (Bệnh trạng: ỉa chảy, mắc đi mắc lại nhiều lần không khỏi, biếng ăn, phân lỏng, phân sống, hoặc toàn nước, mùi tanh, da xanh nhợt, vàng, mệt mỏi, uể oải, ra mồ hôi trộm, viêm lưỡi, mạch nhỏ).","Bột phục linh 30g, gạo 60g, táo 10g (bỏ hạt) ngâm táo với gạo, nấu thành cháo. Khi cháo nhừ, cho bột phục linh vào quấy đều, đun sôi là được. Khi ăn, cho vào 1 ít đường trắng, Mỗi ngày ăn 2 - 3 lần.","","Trẻ bụng ỏng, đái nhiều, không được dùng bài thuốc này.","","","",""
182,"CHỮA BỆNH ỈA CHẢY Ở TRẺ EM","CHÁO GẠO NẾP, SƠN TRA","Trẻ em ỉa chảy do tỳ hư (Bệnh trạng như trên)","Dùng 30g gạo nếp (sao qua), 15g sơn tra, cho nước vừa đủ, nấu cháo. Khi cháo chín cho vào 1 ít bột hạt tiêu, đường trắng, ăn.","Bổ tỳ vị, khỏi ỉa chảy.","","","","",""
182,"CHỮA BỆNH ỈA CHẢY Ở TRẺ EM","BÁNH KIỆN TỲ","Trẻ em ỉa chảy do tỳ hư (Bệnh trạng như trên)","Phục linh, khiếm thực, hạt sen, sơn dược, đẳng sâm, mỗi thứ 300g, mật ong, đường trắng mỗi thứ 500g, cho nước vào hấp chín thành bánh. Hàng ngày dùng làm bánh ăn sáng.","Điều trị có hiệu quả rõ đối với trẻ em tỳ vị hư nhược, ỉa chảy. Trẻ em mắc chứng cam, tỳ vị hư, nhược, tiêu hoá kém, da vàng, gầy còm, điều trị thường xuyên cũng rất tốt.","","","","",""
182,"CHỮA BỆNH ỈA CHẢY Ở TRẺ EM","Ô MAI","Trẻ em đi tả kéo dài (tả, lỵ kéo dài, khí hư âm suy, da vàng gầy còm, háo nước, miệng khô)","Dùng 10 quả ô mai, cho vào 500ml nước, sắc kỹ lấy nước, pha đường đỏ, uống thay nước chè thường xuyên, mỗi ngày nhiều lần.","Trừ tả, giảm cơn khát","","","","",""
182,"CHỮA BỆNH ỈA CHẢY Ở TRẺ EM","TÁO TÀU, MỘC HƯƠNG","Trẻ em đi tả kéo dài (Bệnh trạng như trên)","Táo tàu 20 quả, mộc hương 10g, táo bỏ hột, cho muối, đun nhỏ lửa trong 1 tiếng sau đó cho mộc hương vào, đun thêm vài phút, bỏ bã. Mỗi ngày uống 2 - 3 lần.","Bổ tỳ vị, trừ tả, khỏi thấp","","","","",""
182,"CHỮA BỆNH ỈA CHẢY Ở TRẺ EM","TÁO","Trẻ em tiêu hoá kém, ỉa chảy (phân lỏng, có dịch nhầy, nhưng không lẫn máu)","Mỗi lần dùng 1 quả táo, rửa sạch, gọt vỏ, thái lát mỏng. Hấp cách thủy, chín nhừ, dùng thìa quấy nát thành cháo cho trẻ em ăn.","Bổ dạ dày, săn ruột, trừ tả.","","","","",""
182,"CHỮA BỆNH ỈA CHẢY Ở TRẺ EM","QUẢ LỰU, MẬT ONG","Trẻ em tiêu hoá kém, ỉa chảy","Mỗi lần dùng 2 - 3 quả lựu, bỏ vỏ, cho vào 1 bát nước, sắc lấy nửa bát, bỏ bã, hoà mật ong, chia làm 2 - 3 lần, uống hết trong 1 ngày.","Điều hoà tỳ vị, khỏi ỉa chảy.","","","","",""
182,"CHỮA BỆNH ỈA CHẢY Ở TRẺ EM","LÒNG ĐỎ TRỨNG GÀ","Trẻ em tiêu hoá kém, ỉa chảy","Lấy trứng gà luộc chín, bóc bỏ vỏ, bỏ lòng trắng, cho lòng đỏ vào xoong nhỏ đun nhỏ lửa, luyện, chắt lấy dầu lòng đỏ trứng. Trẻ em từ 1 tuổi trở xuống, mỗi ngày dùng làm 1 quả trứng gà chia 2 - 3 lần, uống hết trong ngày. Trẻ từ 1 tuổi trở lên, mỗi ngày dùng dầu của 2 quả trứng. Điều trị liên tục trong 4-5 ngày. Trẻ sơ sinh tiêu hoá kém, mạn tính hoặc kéo dài điều trị rất có hiệu quả.","","","","","",""
182,"CHỮA BỆNH ỈA CHẢY Ở TRẺ EM","CỦ CẢI TRẮNG, ĐƯỜNG MÍA","Trẻ em ỉa chảy","Củ cải trắng 2 phần, đường mía 1 phần trộn đều, đun nhỏ lửa, quấy thành cháo, vớt bỏ bã lấy nước. Mỗi ngày uống 3 lần, mỗi lần 5 - 10ml. Điều trị liên tục 2 - 3 ngày.","Giải độc trừ tả","","","","",""
182,"CHỮA BỆNH ỈA CHẢY Ở TRẺ EM","SƠN DƯỢC","Trẻ em ỉa chảy","Dùng loại sơn dược còn non, sao vàng tán bột. Trẻ em chưa đầy 1 tuổi, mỗi lần dùng 3g. Trẻ em từ 2 - 3 tuổi, mỗi lần dùng 6g. Mỗi ngày uống 2 lần. Uống với nước cơm.","Bổ tỳ, trừ tả","","","","",""
182,"CHỮA BỆNH ỈA CHẢY Ở TRẺ EM","HẠT DẺ, ĐƯỜNG TRẮNG","Trẻ sơ sinh ỉa chảy do tiêu hoá kém","Mỗi lần có thể dùng 7 - 10 hạt dẻ, bóc bỏ vỏ, nghiền nát, cho nước vừa đủ, ninh nhừ thành cháo, cho vào 1 ít đường trắng, quấy đều cho trẻ ăn.","Giúp tiêu hoá tốt, trừ tả.","","","","",""
182,"CHỮA BỆNH ỈA CHẢY Ở TRẺ EM","HẠT DẺ, QUẢ HỒNG CHÍN","Trẻ em ỉa chảy","Dùng 15g hạt dẻ (đã bóc bỏ vỏ), 250g hồng chín (bỏ hạt), nghiền nát, nấu chín, quấy thành cháo cho trẻ ăn.","Bổ tỳ, trừ tả","","","","",""
183,"CHỮA BỆNH TRẺ EM ĐÁI DẦM (ĐÁI DẮT)","BÁNH RUỘT GÀ, MÀNG MỀ GÀ","Chữa bệnh trẻ em đái dầm do tỳ, phế, khí hư (Bệnh trạng: Đái dầm nhiều, thường ra mồ hôi, da xanh xao, biếng ăn, chân tay mệt mỏi, lưỡi viêm, bựa lưỡi trắng).","Dùng 1 bộ ruột gà trống, rửa sạch, sao khô tán thành bột, 30g màng mề gà, sao khô, tán thành bột, bột mì 250g. Trộn các loại bột với nước vừa đủ, ép thành 10 cái bánh, nướng chín để ăn. Mỗi lần ăn 1 - 2 chiếc, ngày ăn 2 lần. Điều trị lâu dài, thường xuyên, chữa khỏi chứng đái dầm do tỳ vị khí hư.","","","","","",""
183,"CHỮA BỆNH TRẺ EM ĐÁI DẦM (ĐÁI DẮT)","BÀNG QUANG LỢN","Trẻ em đái dầm do tỳ vị khí hư (Bệnh trạng như trên)","Bao trứng bọ ngựa trên cây dâu, bạch phục linh, bổ cốt chỉ, ích trí nhân mỗi thứ 30g, tán nhỏ. Dùng 1 bàng quang lợn, rửa sạch, cho 4 vị thuốc trên vào rang khô, tán thành bột. Mỗi lần uống 10g. Mỗi ngày uống 3 lần. Hoặc dùng bột khiếm thực sắc lấy nước, pha vào một ít đường trắng để uống.","Bổ thận, khỏi đái dầm, bổ tỳ, ổn định tim","","","","",""
183,"CHỮA BỆNH TRẺ EM ĐÁI DẦM (ĐÁI DẮT)","CHÁO HOÀNG KỲ, BAO TRỨNG BỌ NGỰA","Trẻ em đái dầm do tỳ, phế hư (Bệnh trạng như trên)","Hoàng kỳ, long cốt, con sò mỗi thứ 20g cho vào 500ml nước, sắc lấy 300ml, lấy 10 bao trứng bọ ngựa trên cây dâu, sao khô tán nhỏ, cho 60g gạo tẻ vào nước thuốc nấu cháo. Sau đó cho bột bao trứng bọ ngựa và đường trắng quấy đều để ăn. Mỗi ngày 2 lần.","Bổ khí huyết, bổ thận","","","","",""
183,"CHỮA BỆNH TRẺ EM ĐÁI DẦM (ĐÁI DẮT)","SƠN THÙ DU, ÍCH TRÍ NHÂN, PHÚC BỒN TỬ","Trẻ em đái dầm do thận hư, khí kém (Bệnh trạng: Thường xuyên đái dầm, chân tay lạnh, lưỡi viêm đỏ).","Lấy 10 bao trứng bọ ngựa trên cây dâu. Sơn thù du, ích trí nhân, tơ hồng, phúc bồn tử mỗi thứ 15g cho vào 500ml nước, sắc 2 nước lấy 400ml, pha vào 100g đường trắng, quấy tan đường, cho vào bình dùng dần. Mỗi lần uống 10ml. Ngày 3 lần.","Bổ thận, khỏi đái dầm","Đái dầm do gan nhiệt thì không được dùng. Người lớn mắc chứng di tinh cũng dùng được.","","","",""
183,"CHỮA BỆNH TRẺ EM ĐÁI DẦM (ĐÁI DẮT)","CHÁO CHIM SẺ","Trẻ em đái dầm do thận hư, khí kém (Bệnh trạng như trên)","5 con chim sẻ (tốt nhất là ăn thịt chim sẻ từ tháng 11 đến tháng 2 năm sau), làm sạch, bỏ ruột, xào chín, đổ vào 20ml rượu, nước vừa đủ và 100g gạo nếp, nấu thành cháo chim. Khi cháo chín cho vào 3 củ hành trắng, đun tiếp 1 vài phút. Mỗi ngày ăn 2 lần.","Trẻ em, người lớn thận hư, dương suy, đái nhiều lần, ăn cháo chim nhiều lần sẽ khỏi.","","","","",""
183,"CHỮA BỆNH TRẺ EM ĐÁI DẦM (ĐÁI DẮT)","ĂN NHIỀU RAU ĐỒNG KHAO","Trẻ em đái dầm vào ban đêm","Rau đồng khao, đổ nước nấu lên, ăn.","Bổ thận, khỏi đái dầm","","","","",""
183,"CHỮA BỆNH TRẺ EM ĐÁI DẦM (ĐÁI DẮT)","THỊT RÙA, THỊT CHÓ","Trẻ em đái dầm","Thịt rùa, thịt chó mỗi thứ 250g, ninh nhừ, chia làm 2 lần, ăn hết trong ngày.","Bổ thận, khỏi đái dầm","","","","",""
183,"CHỮA BỆNH TRẺ EM ĐÁI DẦM (ĐÁI DẮT)","CHÁO CÁ CHÀY","Trẻ em đái dầm, đái nhiều vào ban đêm.","Mỗi lần dùng 250 - 300g cá chày, đánh sạch vẩy, bỏ đầu, bỏ ruột, cho vào 1 lượng gạo vừa đủ, nấu cháo cá (chú ý xương cá). Ăn nóng.","Bổ thận, khỏi đái dầm","","","","",""
183,"CHỮA BỆNH TRẺ EM ĐÁI DẦM (ĐÁI DẮT)","NGÂN HẠNH, PHÚC BỒN TỬ, BONG BÓNG LỢN","Trẻ em đái dầm hoặc đái đêm nhiều","Mỗi lần dùng 5 quả ngân hạnh, sao chín, bỏ vỏ, 100g phúc bồn tử, 100 - 150g bong bóng lợn, rửa sạch, thái nhỏ, cho nước vừa đủ, ninh nhừ. Ăn thịt, uống nước.","Bổ thận, khỏi đái dầm","","","","",""
183,"CHỮA BỆNH TRẺ EM ĐÁI DẦM (ĐÁI DẮT)","CHÁO HẠT KIM ANH, KHIẾM THỰC","Trẻ em đái dầm do thận hư, khí kém (Bệnh trạng như trên)","Bột khiếm thực 50g, hạt kim anh 20g. Trước hết nấu hạt kim anh, lấy 100ml nước cốt, cho bột khiếm thực vào nấu cháo, cho vào đường trắng vừa đủ. Ăn nóng. Mỗi ngày ăn 2 lần.","Chữa bệnh trẻ em đái dầm rất tốt. Thích hợp với bệnh di tinh, người cao tuổi bí đái.","","","","",""
184,"CHỮA TRẺ EM CHẬM LỚN","HẠT DẺ TƯƠI","Trẻ em chậm lớn (Bệnh trạng: Trẻ em gân cốt yếu, phát triển chậm, bình thường ít hoạt động, mệt mỏi, thích nằm).","Dùng 500g hạt dẻ tươi, luộc sôi nửa tiếng, bóc bỏ vỏ, tiếp tục luộc nửa tiếng nữa, trộn vào 250g đường trắng. Dùng chiếc thìa to, nghiền nhuyễn thành bánh để ăn.","","","","","",""
185,"CHỮA BỆNH KINH PHONG TRẺ EM","TRỨNG GÀ LỘN","Bệnh phong trẻ em","Trứng gà lộn, sao khô, tán thành bột uống với nước sôi.","","","","","",""
185,"CHỮA BỆNH KINH PHONG TRẺ EM","BỌ HUNG","Bệnh kinh phong trẻ em","Lấy 1,5g, bọ hung, sắc lấy nước uống.","","","","","",""
185,"CHỮA BỆNH KINH PHONG TRẺ EM","BỘT SỪNG TRÂU, CÂU ĐẰNG","Bệnh kinh phong trẻ em","Dùng 5g sừng trâu cạo thành bột, 15g câu đằng, 2,5g bọ cạp, 5g chế nam tinh, 1,5g chu sa, sắc lấy nước uống.","","","","","",""
185,"CHỮA BỆNH KINH PHONG TRẺ EM","NUỐT MẬT GẤU","Bệnh kinh phong trẻ em.","Dùng 0,2g mật gấu. Ngày uống 1- 2 lần.","","","","","",""
185,"CHỮA BỆNH KINH PHONG TRẺ EM","BỘT SỪNG SƠN DƯƠNG","Bệnh kinh phong trẻ em","Sừng sơn dương sao cháy khô, tán thành bột, mỗi lần uống 2,5g. Ngày uống 2 lần.","","","","","",""
186,"CHỮA THÓP TRẺ EM KHÔNG KHÉP LẠI ĐƯỢC, BỆNH CÒI XƯƠNG Ở TRẺ EM","MAI RÙA, ĐẢNG SÂM, CỐT TOÁI BỔ","thóp trẻ em không khép lại được.","15g mai rùa, 15g đảng sâm, 15g cốt toái bổ, sắc lấy nước uống.","","","","","",""
186,"CHỮA THÓP TRẺ EM KHÔNG KHÉP LẠI ĐƯỢC, BỆNH CÒI XƯƠNG Ở TRẺ EM","NHUNG HƯƠU","Bệnh trẻ em còi xương, thóp không khép lại được.","Mỗi lần uống 0,3g nhung hươu, ngày 3 lần.","","","","","",""
186,"CHỮA THÓP TRẺ EM KHÔNG KHÉP LẠI ĐƯỢC, BỆNH CÒI XƯƠNG Ở TRẺ EM","ĂN ỐC RUỘNG (ỐC ĐỒNG)","Bệnh trẻ em còi xương","Thường xuyên xào, rán, nấu ốc để ăn. Ăn liên tục sẽ có hiệu quả.","","","","","",""
186,"CHỮA THÓP TRẺ EM KHÔNG KHÉP LẠI ĐƯỢC, BỆNH CÒI XƯƠNG Ở TRẺ EM","MAI CÁ MỰC, MAI RÙA, RỄ KHIẾM THẢO","Trẻ em còi xương","Dùng 10g mai mực, 12g mai rùa, 6g rễ khiếm thảo. Sắc lấy nước, pha đường đỏ vào để uống. Mỗi ngày uống 2-3 lần","","","","","",""
186,"CHỮA THÓP TRẺ EM KHÔNG KHÉP LẠI ĐƯỢC, BỆNH CÒI XƯƠNG Ở TRẺ EM","VỎ TRỨNG GÀ","Trẻ em còi xương","Lấy 50 cái vỏ trứng gà, sao vàng, tán thành bột, mỗi ngày uống 5g.","","","","","",""
187,"CHỮA TRẺ EM SƠ SINH CẢM MẠO","HÀNH TRẮNG, NẤM HƯƠNG, SỮA MẸ","Trẻ sơ sinh bị cảm mạo","Mỗi lần có thể dùng 1 củ hành trắng, 1 cái nấm hương, 30 - 50ml sữa người, hấp cách thủy. Khi chín nhừ, vớt bỏ bã, cho nước vào vú cao su cho trẻ bú. Mỗi ngày 1 thang. Điều trị liên tục 2 - 3 thang sẽ khỏi bệnh.","Thanh nhiệt, giải độc.","","","","",""
188,"CHỮA BỆNH GIUN ĐŨA, GIUN KIM, GIUN MÓC CÂU, SÁN DÂY Ở TRẺ EM","HẠT THÔNG ĐỎ","Bệnh giun đũa ở trẻ em (Bệnh trạng: Đau từng cơn ở vùng rốn. Kiểm tra: Đè, ấn bụng, không thấy đau. Mặt xanh, xao, mặt có thể thấy những nốt xanh, xét nghiệm phân có trứng giun....)","Hạt thông đỏ sao già. Mỗi lần ăn 5 -10 hạt, giun móc câu thì dùng liều cao hơn khi cần thì có thể tán thành bột. Ăn mỗi lần 30g.","Trừ giun đũa, giun móc câu, sán dây, giun kim rất có hiệu quả.","Người bị ỉa chảy, phân lỏng, không được dùng bài thuốc này.","","","",""
188,"CHỮA BỆNH GIUN ĐŨA, GIUN KIM, GIUN MÓC CÂU, SÁN DÂY Ở TRẺ EM","SỬ QUÂN TỬ, THỊT LỢN NẠC","Chữa bệnh giun đũa ở trẻ em (Bệnh trạng như trên)","Dùng 30g sử quân tử, 250g thịt lợn nạc, băm nát, cho vào 30g bột mì, trộn đều, nặn thành 10 chiếc bánh, nướng chín. Mỗi lần ăn 1 chiếc. Ngày 2 chiếc.","Bổ dưỡng, chữa bệnh cam, trừ giun","Sử quân tử không được dùng quá liều lượng.","","","",""
188,"CHỮA BỆNH GIUN ĐŨA, GIUN KIM, GIUN MÓC CÂU, SÁN DÂY Ở TRẺ EM","NHỘNG TẰM","Bệnh giun đũa ở trẻ em","Dùng 50g nhộng tằm tươi, cho dầu ăn, muối, xào chín ăn. Những trẻ em mắc chứng giun đũa, tỳ vị suy nhược, cam tích, gầy còm dùng bài thuốc này rất có hiệu quả.","","","","","",""
188,"CHỮA BỆNH GIUN ĐŨA, GIUN KIM, GIUN MÓC CÂU, SÁN DÂY Ở TRẺ EM","VỎ CÂY XOAN, ĐƯỜNG ĐỎ","Bệnh giun đũa ở trẻ em","Dùng vỏ trắng rễ cây xoan tươi: Trên dưới 1 tuổi dùng 15g, 2-3 tuổi dùng 20g. 4-6 tuổi dùng 30g, 10 - 14 tuổi dùng 60g. Vỏ rễ xoan rửa sạch cắt nhỏ, sắc lấy nước uống (có thể cho vào 1 ít đường đỏ), chia làm 3 lần uống hết trong ngày.","Trừ giun kim, giun đũa, giun móc câu.","Vỏ xoan có độc tố, gây đỏ mặt, nhức đầu, buồn nôn, đau bụng, ỉa chảy, mồ hôi lạnh, buồn ngủ. Có thể dùng axit benzoic, cà phê để giải độc.","","","",""
188,"CHỮA BỆNH GIUN ĐŨA, GIUN KIM, GIUN MÓC CÂU, SÁN DÂY Ở TRẺ EM","HẠT CAU, VỎ LỰU, HẠT BÍ NGÔ","Bệnh giun kim ở trẻ em (bệnh trạng: Ngứa xung quanh hậu môn nhất là ban đêm. Trẻ mắc bệnh đêm ngủ không yên giấc. Khi kiểm tra, mắt thường cũng nhìn thấy những con giun nhỏ như những sợi trắng hoạt động ở xung quanh hậu môn).","Dùng 15g hạt cau, vỏ lựu và hạt bí ngô, mỗi thứ 10g, giã nát, cho vào 200ml nước, sắc lấy 100ml, pha vào 30g đường trắng. Mỗi lần uống 20ml. Mỗi ngày uống 3 lần. Điều trị liên tục 2 - 3 ngày sẽ có hiệu quả.","","Trẻ em tỳ vị suy nhược, biếng ăn, dùng bài thuốc này cần thận trọng.","","","",""
188,"CHỮA BỆNH GIUN ĐŨA, GIUN KIM, GIUN MÓC CÂU, SÁN DÂY Ở TRẺ EM","BÁCH BỘ, HẠT THÔNG ĐỎ","Bệnh giun kim ở trẻ em (Bệnh trạng như trên)","Dùng 30g bách bộ, cho vào 300ml nước, sắc lấy 150ml nước, bỏ bã, trộn vào 50g mật ong, cô thành cao. Lấy 30g hạt thông đỏ, sao tán thành bột cho vào cao mật ong, quấy đều. Mỗi lần ăn 20ml. Mỗi ngày 3 lần. Ăn trước bữa cơm.","","","","","",""
188,"CHỮA BỆNH GIUN ĐŨA, GIUN KIM, GIUN MÓC CÂU, SÁN DÂY Ở TRẺ EM","BÁCH BỘ, SỬ QUÂN TỬ","Bệnh giun Kim ở trẻ em (Bệnh trạng như trên)","Bách bộ sao tán thành bột, sử quân tử tán thành bột. Hai loại bột trộn vào nhau theo tỉ lệ 1/1, cho vào 1 ít đường trắng. Mỗi ngày mỗi tuổi dùng từ 2 - 2,4g. (2- 2,4g/1 tuổi) chia làm 3 lần, uống hết trong 1 ngày. Điều trị liên tục 3 ngày.","","Thuốc bột dùng đến đâu, pha chế đến đó. Không được để lâu.","","","",""
188,"CHỮA BỆNH GIUN ĐŨA, GIUN KIM, GIUN MÓC CÂU, SÁN DÂY Ở TRẺ EM","VỎ XOAN, HẠT CAU","Chữa bệnh giun móc ở trẻ em (Bệnh trạng: giun móc câu bám vào thành ruột non, hút máu lâu ngày, xuất hiện tình trạng thiếu máu, mặt xanh, vàng, toàn thân mệt mỏi, tim đập loạn nhịp, phù thũng nhưng lại hay ăn, chóng đói và có hiện tượng thèm ăn kỳ lạ như thích ăn gạo sống, ăn đất...)","Dùng 30g vỏ trắng của rễ cây xoan tươi, 20g hạt cau, sắc đặc, cho vào 1 ít đường trắng, cô đặc thành 60ml xirô. Uống hết trước khi đi ngủ lúc bụng đói. Điều trị liên tục 2 ngày.","Trị giun móc câu","Vì rễ xoan độc, không được dùng kéo dài. Muốn an toàn, trẻ em phải giảm dần theo tuổi.","","","",""
188,"CHỮA BỆNH GIUN ĐŨA, GIUN KIM, GIUN MÓC CÂU, SÁN DÂY Ở TRẺ EM","NƯỚC GỪNG, LƯƠN","Bệnh giun móc câu ở trẻ em (Bệnh trạng như trên)","Lươn (chọn loại vàng) 150g, nước gừng 20ml, lươn rửa sạch cắt khúc, trộn đều với dầu lạc, nước gừng. Thổi cơm, khi nước cơm sắp cạn, cho thịt lươn hấp lên trên mặt nồi cơm, tiếp tục đun nhỏ lửa cho đến khi chín kỹ để ăn.","","","","","",""
188,"CHỮA BỆNH GIUN ĐŨA, GIUN KIM, GIUN MÓC CÂU, SÁN DÂY Ở TRẺ EM","HẠT BÍ NGÔ","Bệnh sán dây ở trẻ em (Bệnh trạng: ỉa chảy, đau bụng, gầy gò, thiếu máu. Loại sán này có thể gây ra bệnh có sán trong bắp thịt; ký sinh ở mắt, có thể gây ra giảm thị lực, dẫn đến mù loà; ký sinh ở não, sẽ gây ra chứng động kinh).","(có 3 cách) a) Lấy 60g hạt bí ngô tươi, tán thành bột, cho nước sôi vào quấy đều thành thuốc dạng sữa, pha đường trắng vừa đủ, uống lúc đói. b) Lấy 30g hạt bí ngô, sao vàng, tán thành bột, trộn với mật để ăn. c) Lấy 60g hạt bí ngô, bóc vỏ, ăn nhân, mỗi ngày ăn 1 lần. Nếu để nguyên vỏ tán thành bột để ăn thì hiệu quả tốt hơn.","","","","","",""
188,"CHỮA BỆNH GIUN ĐŨA, GIUN KIM, GIUN MÓC CÂU, SÁN DÂY Ở TRẺ EM","THUỐC TRỊ SÁN HỖN HỢP","Bệnh sán dây ở trẻ em","Hạt bí ngô (cứ 1 kg trọng lượng cơ thể dùng 2g) sao khô tán thành bột; Quả cau bổ thành miếng (cứ 1 kg trọng lượng cơ thể dùng 2g) ngâm trong nước 3 tiếng. Sau đó cho vào 400ml nước sắc kỹ lấy 200ml. Bột nguyên minh (cứ 1kg trọng lượng cơ thể dùng 0,3g) (thuốc tây). Sáng sớm, khi bụng còn đói. Đầu tiên uống bột hạt bí. Sau 1 tiếng rưỡi uống nước cau đã hâm nóng. Sau 30 phút uống bột nguyên minh với nước sôi. Đặc điểm của bài thuốc này là uống hạt bí rồi uống nước cau để làm tê liệt cơ thể con sán. Sau đó uống thuốc tẩy để diệt sán triệt để.","","người mắc chứng khí hư, hư hàn, thổ tả không được dùng bài thuốc này.","","","",""
189,"CHỮA TRẺ EM NÓNG SỐT","LÁ SEN, BÍ ĐAO","Chữa chứng trẻ em sốt nóng (Bệnh trạng mùa hè nóng phát sốt, sang mùa thu mát khỏi dần). Sau khi vào hè, sốt nhẹ không giảm, thân hình gầy còm, tinh thần mệt mỏi, không ra mồ hôi, uống nhiều, đái nhiều, lưỡi đỏ, bựa lưỡi vàng.","Dùng 1 lá sen non to, thái nhỏ, 50g bí đao tươi thái lát, cho vào 1000ml nước nấu chín nhừ, bỏ bã, pha vào 1 ít muối. Mỗi ngày ăn 2 lần","","","","","",""
189,"CHỮA TRẺ EM NÓNG SỐT","NGŨ VỊ TỬ, KỶ TỬ","Trẻ em mắc chứng nóng sốt (bệnh trạng như trên)","Ngũ vị tử, câu kỷ tử, mỗi thứ 50g cho ngũ vị tử vào túi vải sạch, đổ vào 1.000ml nước, sắc cùng với câu kỷ tử, sắc lấy 800ml, pha vào 50g đường phèn, uống thay nước chè.","Bổ âm, sinh huyết. Bài thuốc này thích hợp chữa chứng trẻ em biếng ăn, cơ thể mệt mỏi vào mùa hè.","","","","",""
190,"CHỮA TRẺ EM TÊ LIỆT SAU DI CHỨNG","CHÁO CÁ CHÀY","Chữa trẻ em tê liệt sau di chứng (chi dưới không cử động được)","Mỗi lần dùng 200 - 300g cá chày, bỏ vảy, ruột, đầu. Nấu cháo cá với gạo tẻ (lượng gạo vừa đủ). Cháo chín nhừ, gỡ xương, cho gia vị. Ăn nóng.","Mạnh gân cốt.","","","","",""